[?25l[0m [38;2;0;0;0m  [0m [7m[38;2;0;5;16m▀[0m[38;2;6;32;52m▗[7m[38;2;23;81;101m▀[0m[38;2;0;8;23;48;2;47;139;158m▀[38;2;81;163;168;48;2;5;20;37m▖[0m[7m[38;2;0;7;22m▀[0m [38;2;0;0;2m     [0m
  [7m[38;2;0;12;31m▀[0m[38;2;0;10;27;48;2;48;126;142m▀[38;2;14;55;75;48;2;56;138;151m▘[38;2;79;186;198;48;2;54;159;180m▗[38;2;0;10;31;48;2;56;154;171m▗[38;2;62;170;189;48;2;19;70;91m▀[38;2;60;168;187;48;2;102;208;211m▖[38;2;50;104;114;48;2;109;215;215m▀[38;2;0;9;27;48;2;86;171;175m▀[0m[7m[38;2;33;74;87m▀[38;2;1;12;30m▀[38;2;0;6;18m▀[0m  [0m
 [38;2;5;26;46;48;2;0;8;25m▗[38;2;10;43;63;48;2;61;164;181m▘[38;2;19;48;65;48;2;90;184;188m▐[38;2;51;160;183;48;2;26;89;110m▐[38;2;110;216;216;48;2;80;186;198m▐[38;2;0;11;32;48;2;67;136;142m▐[38;2;230;6;42;48;2;88;9;35m▗[38;2;40;131;153;48;2;42;21;44m▝[38;2;65;173;191;48;2;23;81;102m▀[38;2;94;201;207;48;2;47;152;174m▀[38;2;109;214;215;48;2;51;160;183m▀[38;2;104;204;204;48;2;47;148;170m▀[38;2;69;148;156;48;2;21;76;97m▀[38;2;25;70;84;48;2;0;9;28m▘[0m[38;2;0;10;29m▘[0m
[38;2;0;6;17m▐[38;2;17;64;85;48;2;0;11;32m▐[38;2;96;202;208;48;2;58;166;186m▝[38;2;0;12;33;48;2;89;178;181m▝[38;2;49;156;179;48;2;5;27;47m▝[38;2;30;105;125;48;2;66;174;191m▖[38;2;72;165;176;48;2;99;206;210m▞[38;2;45;35;55;48;2;102;203;204m▀[38;2;137;8;37;48;2;52;108;118m▀[38;2;9;30;47;48;2;1;10;31m▖[0m[7m[38;2;0;10;27m▗[0m[38;2;4;28;48m▀[38;2;0;9;29m▀[38;2;0;6;17m▀[0m [38;2;0;1;3m [0m
 [7m[38;2;0;9;27m▖[0m[38;2;39;126;148;48;2;6;32;53m▀[38;2;87;194;203;48;2;46;147;168m▀[38;2;52;109;118;48;2;90;193;200m▝[38;2;7;28;47;48;2;96;191;193m▀[38;2;44;115;131;48;2;18;53;71m▞[38;2;58;165;185;48;2;3;21;42m▀[38;2;89;195;203;48;2;31;105;127m▀[38;2;100;198;199;48;2;56;160;179m▀[38;2;49;103;113;48;2;89;195;204m▀[38;2;3;15;33;48;2;93;185;188m▀[38;2;41;88;100;48;2;1;9;21m▖[0m[7m[38;2;0;7;21m▀[0m [38;2;0;0;1m [0m
 [38;2;0;0;0m [38;2;0;7;22m▝[38;2;10;45;65;48;2;0;5;16m▝[38;2;37;122;144;48;2;0;9;26m▀[38;2;66;174;191;48;2;16;61;82m▀[38;2;98;204;209;48;2;42;138;159m▀[38;2;68;160;173;48;2;89;193;200m▞[38;2;34;74;88;48;2;98;204;209m▀[38;2;7;33;54;48;2;83;167;171m▀[38;2;1;14;34;48;2;31;92;111m▗[38;2;65;173;190;48;2;16;60;80m▀[38;2;41;134;156;48;2;90;194;202m▖[38;2;4;19;39;48;2;84;170;174m▝[38;2;12;34;51;48;2;0;8;24m▖[0m [0m
   [7m[38;2;0;9;28m▀[38;2;10;31;48m▀[0m[38;2;15;40;56;48;2;1;8;21m▖[38;2;0;14;34;48;2;0;9;26m▝[38;2;18;66;87;48;2;0;10;31m▀[38;2;45;143;165;48;2;2;18;39m▀[38;2;24;87;107;48;2;66;173;189m▖[38;2;56;164;185;48;2;100;202;205m▖[38;2;23;55;70;48;2;91;181;183m▀[38;2;26;92;113;48;2;0;13;34m▝[38;2;21;75;95;48;2;74;180;194m▖[38;2;0;11;32;48;2;81;164;167m▐[0m[7m[38;2;0;10;30m▐[0m
[38;2;0;9;28m▗[38;2;8;31;49;48;2;0;9;26m▗[38;2;11;32;50;48;2;48;118;131m▘[38;2;103;204;205;48;2;58;152;168m▝[38;2;109;215;215;48;2;51;160;183m▀[38;2;110;215;215;48;2;64;172;190m▀[38;2;80;160;165;48;2;94;199;204m▝[38;2;29;67;81;48;2;108;213;213m▀[38;2;57;119;127;48;2;0;12;33m▖[38;2;16;61;81;48;2;0;11;32m▐[38;2;62;170;189;48;2;52;161;184m▗[38;2;99;195;196;48;2;110;216;216m▗[38;2;13;36;53;48;2;0;12;32m▘[38;2;74;182;196;48;2;25;67;83m▝[38;2;50;106;115;48;2;0;10;30m▘[0m[38;2;0;7;22m▘[0m
  [38;2;0;6;20m▀[38;2;0;9;28m▀[38;2;10;45;65m▀[38;2;33;112;133;48;2;0;8;24m▀[38;2;50;159;182;48;2;14;56;76m▀[38;2;90;197;204;48;2;52;158;179m▝[38;2;70;164;176;48;2;97;203;208m▞[38;2;33;112;133;48;2;76;184;197m▘[38;2;65;133;140;48;2;93;198;204m▗[38;2;101;200;201;48;2;11;32;50m▘[38;2;0;10;29;48;2;0;11;32m▗[0m[38;2;2;15;35m▀[38;2;0;5;17m▘ [0m
 [38;2;0;0;0m     [38;2;0;8;25m▝[38;2;24;83;104;48;2;0;10;26m▝[38;2;78;172;180;48;2;0;8;26m▀[38;2;52;109;119;48;2;0;5;17m▀[0m[38;2;3;17;37m▀[38;2;0;7;22m▀[0m [38;2;0;3;8m   [0m
[?25h