[?25l[0m[7m[38;2;195;176;151m▀[38;2;178;153;120m▀▀▀▀[38;2;201;183;163m▀[38;2;209;181;145m▀[0m[38;2;41;61;71;48;2;160;140;112m▗[0m[38;2;194;167;131m▗[7m[38;2;190;162;125m▀[38;2;178;153;120m▀▀▀▀[38;2;195;176;150m▀[0m
[38;2;136;104;59;48;2;218;199;175m▐[48;2;0;0;0m  [38;2;194;175;150;48;2;22;22;22m▗[38;2;98;96;94;48;2;192;156;107m▘[38;2;209;174;127;48;2;197;151;87m▘[38;2;188;145;84;48;2;197;151;86m▗[38;2;41;61;71m▐[38;2;46;63;71;48;2;41;61;71m▝[38;2;127;109;78;48;2;54;68;72m▝[38;2;63;62;53;48;2;126;105;72m▞[38;2;163;126;74;48;2;19;14;8m▖[48;2;0;0;0m  [38;2;218;199;173;48;2;135;103;58m▐[0m
[38;2;136;104;59;48;2;218;199;175m▐[48;2;0;0;0m [38;2;204;189;168;48;2;25;25;25m▗[38;2;210;182;144;48;2;197;151;86m▘  [38;2;169;132;82m▐[38;2;41;61;71m▐[48;2;41;61;71m   [38;2;175;136;82;48;2;59;70;72m▝[38;2;179;137;78;48;2;21;16;9m▖[48;2;0;0;0m [38;2;218;199;173;48;2;135;103;58m▐[0m
[38;2;136;104;59;48;2;218;199;175m▐[48;2;0;0;0m [38;2;213;180;135;48;2;57;57;57m▐[38;2;121;92;52;48;2;194;149;85m▗[38;2;160;122;69;48;2;190;146;84m▖[38;2;173;134;82;48;2;191;147;85m▗[38;2;197;151;86;48;2;148;120;80m▘[38;2;41;61;71;48;2;197;151;86m▐[38;2;117;103;77;48;2;51;66;71m▗[38;2;41;61;71;48;2;172;135;83m▀[38;2;91;89;75;48;2;177;136;77m▀[38;2;212;186;152;48;2;151;119;74m▗[38;2;47;36;20;48;2;197;151;86m▐[48;2;0;0;0m [38;2;218;199;173;48;2;135;103;58m▐[0m
[38;2;136;104;59;48;2;218;199;175m▐[48;2;0;0;0m [38;2;190;163;126;48;2;60;60;60m▐[38;2;117;89;50;48;2;184;143;84m▝[38;2;59;44;24;48;2;4;3;1m▖[38;2;80;61;34;48;2;0;0;0m▀[38;2;200;157;98;48;2;134;116;92m▐[38;2;57;69;71;48;2;180;140;84m▝[38;2;96;73;40;48;2;179;137;78m▗[38;2;81;61;34;48;2;0;0;0m▀[38;2;70;70;70;48;2;4;3;1m▗[38;2;207;172;123;48;2;149;132;107m▞[38;2;50;38;21;48;2;170;133;82m▐[48;2;0;0;0m [38;2;218;199;173;48;2;135;103;58m▐[0m
[38;2;136;104;59;48;2;218;199;175m▐[48;2;0;0;0m [38;2;211;176;129;48;2;60;60;60m▐[38;2;191;147;85;48;2;138;114;78m▞[38;2;17;12;6;48;2;171;131;74m▝[48;2;0;0;0m [38;2;200;186;168;48;2;26;26;26m▝[38;2;213;182;140;48;2;197;150;86m▖[38;2;174;133;75;48;2;22;17;9m▘[48;2;0;0;0m [38;2;19;19;19;48;2;189;167;137m▘[38;2;188;145;84;48;2;66;74;72m▘[38;2;50;38;21;48;2;166;131;82m▐[48;2;0;0;0m [38;2;218;199;173;48;2;135;103;58m▐[0m
[38;2;136;104;59;48;2;218;199;175m▐[48;2;0;0;0m [38;2;210;176;128;48;2;59;59;59m▐[38;2;185;143;84;48;2;197;151;86m▝[38;2;165;130;81;48;2;190;146;84m▘[38;2;188;144;81;48;2;36;27;15m▖[48;2;0;0;0m [38;2;141;122;95m▀ [38;2;211;190;161;48;2;42;42;42m▗[38;2;51;66;71;48;2;178;145;96m▗[38;2;52;67;71;48;2;40;60;70m▗[38;2;49;37;21;48;2;171;135;83m▐[48;2;0;0;0m [38;2;218;199;173;48;2;135;103;58m▐[0m
[7m[38;2;165;146;119m▖[0m[38;2;14;11;5;48;2;163;134;94m▀[38;2;45;35;21;48;2;0;0;0m▞[38;2;170;130;73;48;2;14;11;6m▀[38;2;109;83;47;48;2;188;144;82m▖[38;2;155;118;66;48;2;197;151;86m▝[38;2;100;76;42;48;2;0;0;0m▖ [38;2;119;118;116m▗[38;2;177;139;85;48;2;193;169;137m▐[38;2;71;77;73;48;2;120;95;59m▀[38;2;132;107;69;48;2;15;11;6m▀[38;2;0;0;0;48;2;45;34;18m▞[38;2;14;10;5;48;2;162;133;93m▀[0m[7m[38;2;165;146;119m▗[0m
  [38;2;172;144;105m▀[38;2;38;29;16;48;2;171;149;119m▀[38;2;0;0;0;48;2;98;75;45m▀[38;2;111;85;48;48;2;21;16;8m▝[38;2;164;125;70;48;2;15;11;6m▘[48;2;0;0;0m [38;2;181;158;128;48;2;16;16;15m▝[38;2;111;85;48;48;2;21;16;8m▘[38;2;0;0;0;48;2;97;75;45m▀[38;2;38;28;16;48;2;171;149;119m▀[0m[38;2;172;143;104m▀[0m [38;2;111;105;98m [0m
 [38;2;0;0;0m  [0m  [38;2;173;146;109m▀[38;2;74;56;31;48;2;120;110;96m▀[38;2;6;4;2;48;2;186;160;125m▀[38;2;73;56;31;48;2;121;110;97m▀[0m[38;2;173;145;108m▀[0m  [38;2;10;10;10m   [0m
[?25h