[?25l[0m [38;2;0;0;0m [0m  [38;2;244;241;233m  [38;2;81;79;79m▐[38;2;40;36;37m▖[0m [38;2;240;237;230m   [0m [0m
  [38;2;200;202;203m▗[38;2;200;203;203m▖[0m [38;2;245;242;234m [38;2;34;30;32m▐[38;2;67;64;65;48;2;34;30;31m▐[38;2;75;73;74;48;2;203;203;201m▐[0m[38;2;50;47;48m▖[7m[38;2;196;199;200m▀[0m[38;2;218;218;215;48;2;195;198;200m▀[38;2;201;203;204;48;2;196;199;201m▘[0m
 [38;2;0;0;0m [0m   [7m[38;2;206;208;207m▀[0m[38;2;35;31;32;48;2;209;210;209m▐[38;2;107;107;109;48;2;34;30;31m▐[38;2;100;99;101;48;2;36;32;33m▘[38;2;180;183;184;48;2;78;76;77m▝[38;2;166;168;170;48;2;73;71;73m▝[38;2;192;195;197;48;2;194;197;199m▖[38;2;196;200;202;48;2;195;198;200m▐[0m
[38;2;216;216;214m▗[7m[38;2;200;202;203m▀[38;2;195;198;200m▀[0m[38;2;208;209;209;48;2;195;198;200m▘  [38;2;38;35;36;48;2;194;197;199m▐[38;2;106;105;107;48;2;52;48;50m▝[38;2;91;91;92;48;2;44;41;42m▗[38;2;33;29;30;48;2;76;81;86m▞[38;2;116;129;138;48;2;46;44;46m▞[38;2;128;168;192;48;2;56;57;61m▐[38;2;132;192;226;48;2;145;200;232m▖[0m
[38;2;195;198;200;48;2;200;202;203m▐[48;2;195;198;200m [38;2;193;196;198m▗[38;2;195;198;200;48;2;175;177;179m▀[38;2;175;198;212;48;2;192;197;200m▗[38;2;195;198;200;48;2;155;198;224m▀[38;2;41;42;45;48;2;165;198;218m▐[38;2;39;38;42;48;2;65;77;85m▐[38;2;37;35;37;48;2;57;71;82m▞[38;2;40;41;45;48;2;56;68;78m▖[38;2;65;84;97;48;2;37;36;38m▞[38;2;52;61;69;48;2;85;116;136m▞[38;2;142;201;234;48;2;122;175;207m▐[0m
[38;2;166;198;217;48;2;195;200;202m▗[38;2;194;198;200;48;2;146;198;229m▀[38;2;177;198;211;48;2;137;199;235m▀[38;2;157;198;223;48;2;136;195;229m▘[38;2;82;111;130;48;2;137;199;235m▀[38;2;121;174;206;48;2;70;71;81m▖[38;2;54;65;73;48;2;118;169;199m▞[38;2;34;30;31;48;2;61;76;88m▐[38;2;37;37;39;48;2;43;47;52m▖[38;2;49;58;65;48;2;62;66;70m▀[38;2;59;73;84;48;2;71;69;70m▀[38;2;47;51;56;48;2;93;92;94m▘[38;2;172;187;196;48;2;194;198;200m▘[0m
[38;2;137;199;235;48;2;147;202;233m▐[48;2;137;199;235m  [38;2;100;139;163m▗[38;2;128;185;219;48;2;40;41;45m▀[38;2;86;117;136;48;2;39;38;40m▘[38;2;132;180;209;48;2;74;81;88m▝[38;2;41;38;39;48;2;65;67;71m▐[38;2;47;45;45;48;2;66;64;65m▘[38;2;66;64;66;48;2;59;56;57m▖[38;2;98;98;99;48;2;73;71;72m▗[38;2;102;102;103;48;2;186;189;191m▘[38;2;197;200;201;48;2;195;198;200m▐[0m
[38;2;161;198;220;48;2;143;201;234m▗[38;2;137;199;235;48;2;182;198;208m▀[38;2;151;198;227;48;2;195;198;200m▀[38;2;148;156;162;48;2;187;198;205m▝[38;2;171;173;175;48;2;50;47;48m▖[48;2;34;30;31m [38;2;194;197;199;48;2;65;63;64m▗[38;2;114;114;115;48;2;195;198;200m▀[38;2;70;69;70;48;2;182;185;187m▀[38;2;101;101;102;48;2;175;178;179m▀[38;2;161;163;165;48;2;193;196;198m▘[38;2;158;160;161;48;2;189;192;194m▗[38;2;168;170;172;48;2;196;199;201m▖[0m
[38;2;192;199;203m▀[38;2;216;216;214;48;2;198;200;202m▖[48;2;195;198;200m  [38;2;194;197;199m▝[38;2;39;36;37;48;2;153;155;156m▝[38;2;190;193;195;48;2;136;137;139m▐[38;2;130;131;133;48;2;193;196;198m▗[38;2;193;196;198;48;2;122;122;123m▀[38;2;117;117;119;48;2;171;173;175m▖[38;2;105;105;106;48;2;151;152;154m▝[38;2;143;144;146;48;2;210;211;210m▀[0m[38;2;181;184;185m▀[0m
 [38;2;0;0;0m [0m [38;2;213;214;212m▀[38;2;196;199;200m▀[38;2;188;191;193;48;2;217;217;215m▀[38;2;146;148;149;48;2;196;198;199m▀[38;2;129;130;131;48;2;217;217;215m▀[0m[38;2;174;176;177m▀[38;2;211;212;210m▀[0m [38;2;231;229;224m  [0m
[?25h