[?25l[0m[38;2;110;108;105m▐[0m [38;2;96;95;92m▝[0m    [38;2;99;97;94m▀[38;2;91;89;87m▘[0m [38;2;92;91;88m▝[0m [0m
[38;2;66;58;0;48;2;240;219;80m▗[38;2;220;202;86;48;2;0;0;0m▀[48;2;8;8;8m▀[48;2;95;95;95m▀[48;2;111;111;111m▀▀▀▀[48;2;95;95;95m▀[48;2;8;8;8m▀[48;2;0;0;0m▀[38;2;66;58;0;48;2;240;219;80m▖[0m
[38;2;149;129;0m▐[38;2;140;140;140;48;2;0;0;0m▐[38;2;197;197;197;48;2;252;252;252m▘[38;2;221;221;221;48;2;254;254;254m▗[38;2;254;254;254;48;2;189;189;189m▀▀▀▀[38;2;221;221;221;48;2;254;254;254m▖[38;2;197;197;197;48;2;252;252;252m▝[38;2;0;0;0;48;2;140;140;140m▐[0m[7m[38;2;149;129;0m▐[0m
[38;2;242;214;18m▐[38;2;112;112;112;48;2;33;31;19m▝[48;2;254;254;254m [38;2;166;166;166;48;2;243;243;243m▝[48;2;0;0;0m    [38;2;254;254;254;48;2;163;163;163m▝[38;2;251;251;251;48;2;45;45;45m▀[38;2;98;98;98;48;2;14;12;0m▘[0m[7m[38;2;242;214;18m▐[0m
[38;2;248;230;113m▐[38;2;3;3;3;48;2;125;109;0m▐[38;2;194;194;194;48;2;251;251;251m▖[38;2;252;252;252;48;2;254;254;254m▝[38;2;84;84;84;48;2;9;9;9m▖[48;2;0;0;0m  [38;2;75;75;75m▗[38;2;0;0;0;48;2;133;133;133m▀[38;2;31;31;31;48;2;0;0;0m▖[38;2;125;109;0m▐[0m[7m[38;2;248;230;113m▐[0m
 [38;2;9;8;0;48;2;228;200;6m▐[38;2;254;254;254;48;2;111;111;111m▐[48;2;254;254;254m [38;2;0;0;0;48;2;166;166;166m▐[48;2;0;0;0m [38;2;50;50;50m▗[38;2;0;0;0;48;2;161;161;161m▘[48;2;254;254;254m [38;2;103;103;103;48;2;253;253;253m▐[38;2;228;200;6;48;2;9;8;0m▐[0m [0m
 [38;2;98;85;0;48;2;249;228;91m▐[38;2;237;237;237;48;2;12;12;12m▐[48;2;254;254;254m [38;2;39;39;39;48;2;251;251;251m▝[38;2;132;132;132;48;2;254;254;254m▀[38;2;234;234;234m▘[38;2;205;205;205;48;2;253;253;253m▗[38;2;254;254;254;48;2;104;104;104m▀[38;2;245;245;245;48;2;11;11;11m▘[38;2;249;228;91;48;2;98;85;0m▐[0m[38;2;249;228;91m [0m
 [38;2;212;185;1m▐[38;2;136;136;136;48;2;1;1;0m▐[38;2;241;241;241;48;2;254;254;254m▗[38;2;254;254;254;48;2;144;144;144m▀[38;2;240;240;240;48;2;62;56;20m▀[38;2;123;123;123;48;2;41;36;0m▀[38;2;126;126;126;48;2;12;12;12m▐[38;2;84;84;84;48;2;152;152;152m▀[38;2;1;1;0;48;2;119;119;119m▐[0m[7m[38;2;212;185;1m▐[0m[38;2;245;238;194m [0m
 [38;2;249;226;66m▐[38;2;35;33;13;48;2;165;145;12m▀[0m[38;2;60;56;33m▀[38;2;153;136;21m▀[0m  [38;2;153;136;21m▀[38;2;27;23;0m▀[38;2;22;19;0;48;2;165;145;12m▀[0m[7m[38;2;249;226;66m▐[0m[38;2;245;242;234m [0m
    [38;2;115;113;110m▐[0m [7m[38;2;85;84;81m▐[0m    [38;2;245;238;196m [0m
[?25h