[?25l[0m[7m[38;2;84;81;81m▀[38;2;169;168;169m▘[38;2;159;160;169m▝[0m[38;2;124;120;118;48;2;141;145;161m▀[38;2;103;105;118;48;2;123;122;125m▗[38;2;125;122;122;48;2;78;83;101m▀[38;2;131;129;129;48;2;67;67;79m▀[38;2;130;128;128;48;2;59;58;68m▀[48;2;60;58;68m▀[38;2;131;129;129;48;2;67;67;79m▀[38;2;125;122;122;48;2;78;83;101m▀[38;2;103;105;119;48;2;123;122;125m▖[38;2;123;120;118;48;2;141;145;161m▀[0m[7m[38;2;159;160;169m▘[38;2;169;168;169m▝[38;2;84;81;81m▀[0m
[38;2;205;204;204;48;2;34;30;31m▐[38;2;39;36;40;48;2;68;81;112m▐[38;2;243;243;243;48;2;105;102;103m▖[38;2;166;165;165;48;2;47;43;44m▀[38;2;67;63;64;48;2;207;206;206m▀[38;2;206;205;205;48;2;39;35;36m▖[38;2;46;43;44;48;2;162;161;161m▀[38;2;49;45;46;48;2;216;216;216m▀[38;2;40;36;37;48;2;141;139;139m▀[38;2;43;39;40;48;2;202;201;201m▀[38;2;52;49;49;48;2;155;154;154m▀[38;2;56;52;53;48;2;208;208;208m▀[38;2;245;244;244;48;2;68;65;65m▗[38;2;49;45;46;48;2;177;176;176m▀[38;2;69;81;113;48;2;33;30;34m▐[38;2;34;30;31;48;2;203;202;203m▐[0m
[38;2;205;204;204;48;2;34;30;31m▐[38;2;34;30;31;48;2;68;79;106m▐[38;2;176;175;175;48;2;74;71;72m▀[38;2;234;234;234;48;2;112;110;110m▝[38;2;244;244;244;48;2;94;91;92m▘[38;2;224;224;224;48;2;139;137;138m▘[38;2;198;197;198;48;2;108;106;106m▀[38;2;206;205;205;48;2;135;133;133m▘[38;2;236;236;236;48;2;150;149;150m▘[38;2;188;187;188;48;2;84;30;36m▀[38;2;169;168;168;48;2;102;32;41m▀[38;2;193;192;192;48;2;77;35;40m▀[38;2;163;162;162;48;2;74;37;42m▀[38;2;215;215;215;48;2;78;42;46m▀[38;2;68;79;107;48;2;35;31;32m▐[38;2;34;30;31;48;2;203;202;203m▐[0m
[38;2;205;204;204;48;2;34;30;31m▐[38;2;34;30;31;48;2;68;79;106m▐[38;2;32;31;38;48;2;34;30;31m▝[38;2;106;104;104;48;2;27;36;62m▝[38;2;11;50;123;48;2;145;150;162m▝[38;2;9;51;129;48;2;3;60;161m▀[38;2;1;59;161;48;2;27;35;58m▖[38;2;28;35;57;48;2;34;30;31m▝[38;2;23;40;77;48;2;6;54;140m▖[38;2;28;35;56;48;2;4;56;149m▝[38;2;27;36;60;48;2;34;30;31m▖[38;2;12;49;121;48;2;28;35;55m▐[38;2;29;34;52;48;2;16;46;106m▐[38;2;34;30;31;48;2;28;35;58m▀[38;2;68;79;107;48;2;34;30;31m▐[38;2;34;30;31;48;2;203;202;203m▐[0m
[38;2;205;204;204;48;2;34;30;31m▐[38;2;34;30;31;48;2;68;79;107m▐[48;2;34;30;31m [38;2;31;32;43m▝[38;2;122;120;122;48;2;27;37;65m▝[38;2;57;82;130;48;2;184;190;204m▞[38;2;0;59;164;48;2;24;71;157m▀[38;2;27;35;58;48;2;104;121;156m▀[38;2;29;34;51;48;2;114;112;112m▀[38;2;46;58;86;48;2;1;59;161m▖[38;2;26;37;65;48;2;3;57;153m▝[38;2;4;56;149;48;2;25;38;71m▝[38;2;0;60;165;48;2;21;41;85m▀[38;2;1;59;161;48;2;22;41;84m▀[38;2;68;79;107;48;2;34;30;31m▐[38;2;34;30;31;48;2;203;202;203m▐[0m
[38;2;169;167;168;48;2;66;62;62m▐[38;2;34;30;31;48;2;105;118;148m▐[48;2;34;30;31m  [38;2;24;39;78m▐[38;2;52;53;61;48;2;172;171;172m▘[38;2;121;119;121;48;2;196;194;193m▘[38;2;48;45;46;48;2;160;158;157m▝[38;2;49;45;46;48;2;161;158;158m▘[38;2;68;77;99;48;2;196;194;193m▝[38;2;28;35;59;48;2;21;63;141m▝[38;2;30;33;49;48;2;0;60;165m▀▀[38;2;31;33;47;48;2;7;53;138m▀[38;2;106;118;149;48;2;34;30;31m▐[38;2;66;62;61;48;2;168;166;167m▐[0m
[38;2;78;75;74m▐[38;2;77;80;93;48;2;204;209;223m▞[38;2;37;39;52;48;2;34;30;31m▖ [38;2;23;40;82;48;2;32;31;36m▝[38;2;201;201;201;48;2;82;85;97m▝[38;2;184;184;185;48;2;84;81;82m▖[38;2;198;195;194;48;2;112;110;112m▝[48;2;104;103;105m▘[38;2;85;82;83;48;2;43;40;42m▝[38;2;32;50;87;48;2;34;30;32m▀[38;2;18;44;94m▀[48;2;34;30;31m▀[48;2;33;34;43m▘[38;2;204;209;223;48;2;77;80;93m▞[0m[7m[38;2;78;74;74m▐[0m
 [7m[38;2;110;107;106m▖[0m[38;2;66;67;76;48;2;193;197;210m▞[38;2;105;111;134;48;2;33;30;34m▖[48;2;34;30;31m [38;2;27;37;65;48;2;33;30;32m▝[38;2;80;87;109;48;2;32;33;43m▝[38;2;132;132;136;48;2;28;35;58m▀[38;2;30;41;69;48;2;153;160;174m▖[38;2;131;148;180;48;2;5;55;145m▖[38;2;0;59;164;48;2;15;47;109m▀[48;2;18;44;96m▀[38;2;106;111;135;48;2;23;40;78m▗[38;2;193;197;210;48;2;66;67;76m▞[0m[7m[38;2;110;107;106m▗[0m [0m
 [38;2;0;0;0m [38;2;79;76;75m▝[38;2;182;183;187;48;2;113;110;110m▞[38;2;36;37;48;48;2;134;136;145m▝[38;2;34;30;31;48;2;120;124;142m▀[38;2;36;36;49;48;2;34;30;31m▖ [38;2;26;38;72;48;2;31;32;41m▝[38;2;24;39;76;48;2;145;145;149m▖[38;2;35;31;32;48;2;169;171;183m▀[38;2;36;37;48;48;2;134;136;145m▘[38;2;112;110;109;48;2;182;183;187m▞[0m[38;2;79;76;75m▘  [0m
 [38;2;0;0;0m   [38;2;137;133;130m▝[38;2;108;105;105m▀[38;2;118;115;112;48;2;167;168;173m▗[38;2;139;143;161;48;2;102;101;106m▘[38;2;139;144;161;48;2;102;101;105m▝[38;2;118;115;112;48;2;167;168;173m▖[0m[38;2;107;105;104m▀[38;2;137;133;130m▘    [0m
[?25h