[?25l[0m[38;2;216;147;82m▗[7m[38;2;121;84;47m▀[38;2;77;75;68m▀[0m[38;2;228;179;118;48;2;47;64;73m▀[38;2;183;141;85;48;2;48;65;74m▀[38;2;158;117;61;48;2;47;64;74m▀[38;2;138;102;50;48;2;59;74;84m▀[38;2;131;98;44;48;2;67;81;91m▀[48;2;63;77;87m▀[38;2;138;102;50;48;2;66;81;89m▀[38;2;158;116;60;48;2;55;71;80m▀[38;2;183;141;85;48;2;48;65;74m▀[38;2;228;179;118;48;2;47;64;73m▀[0m[7m[38;2;77;75;68m▀[38;2;121;84;47m▀[0m[38;2;216;146;81m▖[0m
[38;2;22;32;49;48;2;237;115;42m▐[38;2;44;59;75;48;2;78;94;96m▐[38;2;218;219;221;48;2;131;139;147m▖[38;2;208;210;212;48;2;62;75;91m▗[38;2;76;88;103;48;2;196;198;201m▐[38;2;237;238;238;48;2;177;182;187m▗[38;2;53;65;83;48;2;233;233;234m▐[38;2;203;206;210;48;2;68;79;93m▐[38;2;102;110;123;48;2;183;187;192m▐[38;2;97;106;119;48;2;246;246;247m▐[38;2;128;135;144;48;2;212;214;217m▐[38;2;187;190;194;48;2;119;126;137m▝[38;2;80;90;103;48;2;180;183;187m▐[38;2;129;137;145;48;2;182;186;191m▀[38;2;36;52;67;48;2;71;87;94m▘[38;2;236;114;41;48;2;22;33;50m▐[0m
[38;2;15;32;51;48;2;233;90;38m▐[38;2;27;43;64;48;2;78;94;96m▐[38;2;216;218;220;48;2;138;144;151m▝[38;2;235;235;236;48;2;83;94;104m▝[38;2;187;189;194;48;2;48;64;74m▀[38;2;145;151;158;48;2;59;76;83m▀[38;2;217;217;218;48;2;53;68;79m▘[38;2;177;182;189;48;2;48;64;76m▝[38;2;169;174;181;48;2;52;68;80m▘[38;2;204;205;207;48;2;66;81;90m▘[38;2;172;176;181;48;2;59;76;83m▀[38;2;150;155;163;48;2;63;78;86m▀[38;2;242;242;242;48;2;80;92;102m▘[38;2;183;186;191;48;2;136;144;150m▀[38;2;28;44;65;48;2;71;87;94m▖[38;2;231;89;38;48;2;16;32;52m▐[0m
[38;2;15;32;51;48;2;232;71;39m▐[38;2;1;20;43;48;2;71;87;91m▗[38;2;6;24;46;48;2;41;58;70m▖[38;2;53;70;78;48;2;24;42;58m▞[38;2;117;126;137;48;2;44;61;72m▗[38;2;23;40;57;48;2;203;205;208m▀[38;2;25;41;61;48;2;118;126;136m▀[38;2;156;161;168;48;2;79;90;104m▖[38;2;35;50;69;48;2;188;191;195m▀[38;2;55;69;86;48;2;147;153;160m▀[38;2;23;40;57;48;2;195;198;201m▀[38;2;119;128;139;48;2;44;61;73m▖[38;2;24;41;58;48;2;53;70;78m▞[38;2;6;25;46;48;2;41;59;70m▗[38;2;1;20;43;48;2;70;87;90m▖[38;2;230;70;39;48;2;16;33;52m▐[0m
[38;2;15;32;51;48;2;231;51;40m▐[38;2;19;38;55;48;2;77;93;96m▝[38;2;68;84;89;48;2;23;40;58m▘[38;2;1;20;43;48;2;114;122;133m▘[38;2;101;109;119;48;2;179;182;187m▝[38;2;67;79;93;48;2;202;204;207m▞[38;2;98;107;119;48;2;175;179;185m▞[38;2;211;213;215;48;2;138;144;153m▞[38;2;153;158;165;48;2;154;159;166m▝▀▀[38;2;147;153;159;48;2;153;159;165m▝[38;2;20;37;58;48;2;116;124;134m▝[38;2;68;84;89;48;2;12;30;50m▝[38;2;20;38;55;48;2;76;93;95m▘[38;2;229;50;40;48;2;16;33;52m▐[0m
[38;2;15;33;51;48;2;221;44;48m▐[38;2;10;29;49;48;2;83;99;101m▐[38;2;241;241;241;48;2;47;61;78m▗[38;2;103;111;123;48;2;164;169;175m▞[38;2;171;175;180;48;2;108;117;128m▞[38;2;67;78;93;48;2;200;202;205m▝[38;2;173;178;183;48;2;75;86;100m▀[38;2;206;208;210;48;2;102;111;121m▖[38;2;227;227;228;48;2;110;118;128m▖[38;2;174;178;183;48;2;79;90;104m▀[38;2;218;220;222;48;2;82;92;105m▞[38;2;169;173;179;48;2;118;126;135m▞[38;2;108;117;128;48;2;181;184;189m▞[38;2;40;55;73;48;2;192;194;198m▐[38;2;82;99;100;48;2;10;28;49m▐[38;2;220;43;48;48;2;16;33;52m▐[0m
[38;2;33;39;57;48;2;182;122;120m▐[38;2;11;30;49;48;2;74;90;94m▐[38;2;188;191;195;48;2;36;51;70m▐[38;2;121;129;139;48;2;174;178;183m▞[38;2;181;185;190;48;2;110;118;128m▞[38;2;219;221;223;48;2;82;93;105m▞[38;2;80;91;105;48;2;182;186;190m▀[38;2;188;191;196;48;2;68;81;96m▘[38;2;181;184;189;48;2;72;84;100m▀[38;2;82;93;107;48;2;177;181;186m▀[38;2;68;79;93;48;2;197;200;203m▖[38;2;102;111;122;48;2;152;158;165m▘[38;2;90;100;113;48;2;176;180;185m▞[38;2;236;237;238;48;2;46;60;77m▘[38;2;74;90;94;48;2;11;29;49m▐[38;2;181;120;119;48;2;32;39;57m▐[0m
[38;2;97;111;134m▝[38;2;65;103;123;48;2;22;46;67m▞[38;2;67;84;88;48;2;12;31;50m▖[38;2;118;126;136;48;2;39;54;73m▀[38;2;150;155;162;48;2;120;128;138m▀[48;2;125;133;143m▀▀[38;2;148;154;161;48;2;128;135;145m▀[38;2;206;208;211;48;2;127;134;143m▞[38;2;107;116;127;48;2;167;171;177m▞[38;2;70;81;95;48;2;201;203;206m▞[38;2;105;113;123;48;2;178;182;187m▖[38;2;1;20;43;48;2;112;121;131m▗[38;2;67;84;88;48;2;23;40;58m▗[38;2;22;47;66;48;2;65;102;122m▞[0m[38;2;95;110;133m▘[0m
 [38;2;80;160;200m▝[7m[38;2;40;93;126m▖[0m[38;2;7;64;113;48;2;38;59;74m▖[38;2;102;113;125;48;2;40;57;70m▝[38;2;187;190;194;48;2;23;41;57m▀[38;2;147;153;161;48;2;45;60;78m▀[38;2;185;188;193;48;2;28;44;64m▀[38;2;167;171;177;48;2;72;84;98m▝[38;2;116;124;134;48;2;20;36;56m▀[38;2;198;200;203;48;2;23;41;57m▀[38;2;103;114;126;48;2;40;57;70m▘[38;2;7;64;113;48;2;38;59;74m▗[0m[7m[38;2;40;92;126m▗[0m[38;2;78;159;199m▘ [0m
 [38;2;0;0;0m  [0m [38;2;49;99;146m▀[38;2;26;63;96m▀[38;2;52;70;79;48;2;106;148;186m▀[38;2;64;81;86;48;2;33;82;129m▀[48;2;33;81;129m▀[38;2;52;70;79;48;2;106;147;185m▀[0m[38;2;26;63;96m▀[38;2;49;99;146m▀[0m [38;2;141;176;205m   [0m
[?25h