[?25l[0m[38;2;33;32;29;48;2;49;42;32m▞[38;2;46;39;30;48;2;248;160;58m▀▀▀▀▀▀▀▀▀▀▀▀▀▀[38;2;48;42;32;48;2;33;33;29m▞[0m
[38;2;51;40;26;48;2;35;35;31m▐[48;2;248;160;58m   [38;2;248;160;58;48;2;232;150;55m▀[38;2;241;155;56;48;2;174;113;44m▀[38;2;208;135;50;48;2;192;125;48m▞[38;2;197;128;48;48;2;148;98;40m▀[38;2;88;62;31;48;2;173;113;45m▗[38;2;209;135;50;48;2;139;92;38m▀[38;2;239;154;56;48;2;133;88;37m▀[38;2;248;160;58;48;2;172;113;44m▀[38;2;220;190;158;48;2;219;147;63m▗[38;2;198;145;84;48;2;248;160;58m▖ [38;2;35;35;31;48;2;51;40;26m▐[0m
[38;2;51;40;26;48;2;35;35;31m▐[38;2;248;160;58;48;2;247;160;57m▀[48;2;248;160;58m [38;2;100;98;94;48;2;235;155;62m▗[38;2;178;127;69;48;2;96;77;55m▘[38;2;98;67;32;48;2;169;110;43m▘[38;2;160;151;141;48;2;165;111;50m▗[38;2;165;108;43;48;2;166;149;131m▀[38;2;54;41;26;48;2;170;112;44m▖[38;2;108;73;33;48;2;56;43;26m▐[38;2;157;103;41;48;2;54;41;25m▐[38;2;190;141;85;48;2;140;93;39m▐[38;2;229;228;228;48;2;181;158;134m▀[38;2;204;152;92;48;2;102;72;37m▀[38;2;238;153;56;48;2;248;160;58m▖[38;2;35;35;31;48;2;51;40;26m▐[0m
[38;2;51;40;26;48;2;35;35;31m▐[38;2;224;145;53;48;2;246;158;57m▐[38;2;186;121;46;48;2;221;142;52m▝[38;2;72;58;40;48;2;144;116;84m▐[38;2;152;150;147;48;2;110;86;59m▗[38;2;174;156;136;48;2;207;206;204m▀[38;2;150;148;147;48;2;193;191;190m▀[38;2;195;176;156;48;2;104;79;49m▖[38;2;171;112;44;48;2;114;77;35m▝[38;2;85;60;31;48;2;206;134;50m▘[38;2;31;28;23;48;2;131;87;37m▘[38;2;220;142;52;48;2;127;85;37m▝[38;2;63;47;27;48;2;182;119;46m▐[38;2;237;153;55;48;2;126;84;36m▗[38;2;190;124;47;48;2;247;159;57m▘[38;2;35;35;31;48;2;51;40;26m▐[0m
[38;2;51;40;26;48;2;35;35;31m▐[38;2;240;155;56;48;2;247;159;57m▝[38;2;230;149;54;48;2;238;154;56m▝[38;2;148;132;114;48;2;219;142;54m▀[38;2;213;212;211;48;2;148;114;75m▝[38;2;225;225;224;48;2;78;79;77m▀[38;2;218;217;216;48;2;43;45;45m▘[38;2;20;21;21;48;2;111;88;62m▘[38;2;87;61;31;48;2;168;110;44m▖[38;2;74;54;29;48;2;124;84;37m▞[38;2;139;93;39;48;2;51;39;25m▞[38;2;128;86;37;48;2;52;40;26m▐[38;2;225;145;53;48;2;106;72;33m▗[38;2;205;132;49;48;2;245;158;57m▘[48;2;248;160;58m [38;2;35;35;31;48;2;51;40;26m▐[0m
[38;2;51;40;25;48;2;35;35;31m▐[48;2;248;160;58m   [38;2;177;128;73;48;2;247;159;57m▐[38;2;55;58;58;48;2;116;94;68m▝[38;2;54;45;35;48;2;133;127;118m▗[38;2;163;107;43;48;2;81;67;51m▐[38;2;84;59;30;48;2;100;69;32m▞[38;2;59;44;26;48;2;124;83;36m▀[38;2;130;86;37;48;2;28;26;22m▐[38;2;104;71;33;48;2;196;127;48m▀[38;2;180;117;45;48;2;246;159;57m▘[48;2;248;160;58m  [38;2;35;35;31;48;2;51;40;25m▐[0m
[38;2;113;111;106;48;2;31;31;28m▖[38;2;177;116;46;48;2;247;159;57m▖[48;2;248;160;58m  [38;2;198;128;48m▝[38;2;187;121;46;48;2;233;151;55m▀[38;2;181;118;46;48;2;224;145;53m▘[38;2;216;139;52;48;2;248;160;58m▘[38;2;156;102;41;48;2;233;151;55m▝[38;2;58;43;26;48;2;216;140;52m▀[38;2;132;88;37;48;2;239;154;56m▀[38;2;244;158;57;48;2;248;160;58m▘  [38;2;177;116;46;48;2;247;159;57m▗[38;2;113;111;106;48;2;31;31;28m▗[0m
[38;2;48;49;47m▝[38;2;203;132;50;48;2;47;45;40m▝[38;2;124;84;37;48;2;240;155;56m▖[48;2;248;160;58m  [38;2;226;146;54;48;2;246;159;57m▝[38;2;228;147;54;48;2;120;81;36m▐[38;2;124;83;36;48;2;170;111;44m▗[38;2;119;81;36;48;2;178;116;45m▖[38;2;208;135;51;48;2;166;109;43m▀[38;2;247;159;57;48;2;131;88;38m▐[48;2;248;160;58m  [38;2;124;84;37;48;2;240;155;56m▗[38;2;204;132;50;48;2;47;45;41m▘[0m[38;2;48;49;48m▘[0m
  [38;2;54;54;51m▀[7m[38;2;106;81;51m▖[0m[38;2;230;148;54;48;2;33;31;26m▀[38;2;248;160;58;48;2;116;79;36m▀[38;2;196;128;49;48;2;246;158;57m▖[48;2;248;160;58m  [48;2;246;158;57m▗[38;2;248;160;58;48;2;116;79;36m▀[38;2;230;148;54;48;2;33;31;26m▀[0m[7m[38;2;106;81;51m▗[0m[38;2;54;54;51m▀[0m [38;2;183;179;172m [0m
 [38;2;0;0;0m   [0m [38;2;118;117;113m▀[38;2;34;34;31m▀[38;2;157;127;91;48;2;78;65;49m▞[38;2;78;65;49;48;2;157;127;91m▞[0m[38;2;34;34;31m▀[38;2;118;117;113m▀[0m [38;2;196;193;185m    [0m
[?25h