[?25l[0m [7m[38;2;173;160;130m▀[38;2;178;128;105m▀[38;2;218;54;47m▀[0m[38;2;193;169;133;48;2;234;33;40m▀[38;2;191;132;98;48;2;235;31;40m▀[38;2;190;107;75m▀[38;2;190;96;65;48;2;234;31;40m▀[38;2;178;96;76;48;2;206;30;67m▀[38;2;179;108;85;48;2;206;30;68m▀[38;2;184;133;106m▀[38;2;191;170;136;48;2;205;32;68m▀[0m[7m[38;2;194;55;68m▀[38;2;169;129;111m▀[38;2;176;163;132m▀[0m [0m
[38;2;153;135;90m▐[38;2;30;60;113;48;2;61;80;116m▞[38;2;230;43;47;48;2;219;179;187m▐[38;2;235;31;40;48;2;230;168;161m▀[38;2;226;43;43;48;2;235;31;40m▖[38;2;234;32;40m▗[38;2;229;42;43;48;2;234;32;40m▗[38;2;233;34;41;48;2;234;31;40m▗[38;2;201;44;68;48;2;205;30;67m▖[38;2;204;34;68;48;2;205;30;68m▖[38;2;205;31;68;48;2;206;30;68m▖ [38;2;205;132;129m▗[38;2;203;179;194;48;2;207;81;99m▐[38;2;74;84;100;48;2;36;64;116m▝[0m[7m[38;2;160;141;95m▐[0m
[38;2;83;89;97;48;2;184;168;128m▐[38;2;159;168;190;48;2;30;60;114m▐[38;2;235;230;221;48;2;227;109;104m▗[38;2;222;146;135;48;2;234;217;208m▖[38;2;218;139;124;48;2;227;203;191m▀[38;2;215;86;75;48;2;218;177;162m▗[38;2;219;170;155;48;2;237;228;221m▞[38;2;203;119;95;48;2;228;210;199m▘[38;2;223;197;188;48;2;205;153;143m▞[38;2;212;192;175;48;2;215;183;170m▀[38;2;211;152;147;48;2;219;202;189m▞[38;2;236;229;222;48;2;202;163;147m▖[38;2;248;247;246;48;2;208;166;153m▖[38;2;211;92;110;48;2;235;225;218m▐[38;2;30;60;114;48;2;143;156;182m▐[38;2;191;176;140;48;2;92;94;94m▐[0m
[38;2;42;66;111;48;2;154;132;76m▐[38;2;237;192;196;48;2;30;60;114m▐[38;2;225;52;53;48;2;235;31;40m▀[38;2;227;48;50m▝[38;2;224;58;58m▀[38;2;226;50;52;48;2;233;33;40m▘[38;2;225;55;55;48;2;235;31;40m▀[38;2;236;60;67;48;2;233;37;43m▗[38;2;204;41;72;48;2;206;59;86m▐[38;2;200;53;77;48;2;206;30;68m▀[38;2;200;52;76m▀[38;2;202;56;80m▀[38;2;199;54;76m▀[38;2;201;59;83;48;2;204;32;68m▘[38;2;30;60;114;48;2;220;196;206m▐[38;2;161;140;88;48;2;52;72;107m▐[0m
[38;2;66;79;103;48;2;171;152;106m▐[38;2;214;186;195;48;2;30;60;114m▐[38;2;185;169;135;48;2;236;55;62m▗[38;2;202;120;99;48;2;152;129;72m▀[38;2;194;121;95m▀[38;2;199;128;106;48;2;170;152;109m▀[38;2;189;176;145;48;2;191;149;120m▖[38;2;152;129;72;48;2;184;169;135m▖[38;2;152;129;73;48;2;185;170;137m▗[38;2;193;145;129;48;2;181;165;129m▀[38;2;189;128;112;48;2;170;152;108m▀[38;2;185;123;104;48;2;152;129;72m▀▀[48;2;152;130;74m▀[38;2;188;165;139;48;2;132;117;82m▘[38;2;177;160;117;48;2;129;115;81m▐[0m
[38;2;151;135;96m▐[38;2;122;138;169;48;2;48;70;110m▝[38;2;224;173;180;48;2;236;55;62m▖[38;2;207;118;101;48;2;235;31;40m▀[38;2;235;31;40;48;2;213;124;111m▖[38;2;187;173;140;48;2;169;151;106m▐[38;2;191;178;150;48;2;172;154;112m▝[38;2;184;169;136;48;2;180;165;129m▝[38;2;181;166;131;48;2;184;169;134m▞[38;2;216;112;130;48;2;188;166;138m▗[38;2;175;158;116;48;2;198;163;144m▐[38;2;182;138;111;48;2;208;45;79m▀[38;2;203;101;110;48;2;206;30;68m▀[38;2;217;156;171;48;2;209;52;84m▐[38;2;106;124;159;48;2;50;71;108m▘[0m[7m[38;2;158;141;100m▐[0m
 [7m[38;2;115;110;93m▖[0m[38;2;202;131;125;48;2;85;99;127m▐[38;2;233;61;67;48;2;172;148;105m▀[38;2;159;138;86;48;2;195;131;105m▝[38;2;175;158;118;48;2;223;103;98m▀[38;2;225;97;95;48;2;192;157;128m▝[38;2;236;57;64;48;2;203;141;120m▘[38;2;210;58;89;48;2;197;141;128m▝[38;2;206;102;113;48;2;187;157;130m▘[38;2;206;33;69;48;2;192;129;116m▗[48;2;206;30;68m [38;2;217;93;118m▗[38;2;222;125;145;48;2;86;103;138m▘[0m[7m[38;2;121;114;94m▗[0m [0m
  [7m[38;2;145;133;104m▖[0m[38;2;238;109;114;48;2;108;115;132m▝[38;2;219;121;130;48;2;235;32;41m▖[48;2;235;31;40m [38;2;234;74;80;48;2;235;32;41m▝[38;2;217;98;90;48;2;234;31;40m▀[38;2;201;97;105;48;2;206;30;68m▀[38;2;211;71;99m▘ [38;2;201;128;148;48;2;206;32;69m▗[38;2;215;100;124;48;2;104;111;128m▘[0m[7m[38;2;139;132;111m▗[0m [38;2;230;224;208m [0m
 [38;2;0;0;0m  [38;2;158;141;103m▝[7m[38;2;139;125;121m▖[0m[38;2;234;56;64;48;2;151;121;120m▀[38;2;232;77;84;48;2;235;31;40m▖[38;2;234;31;41m▐[48;2;206;30;68m [38;2;208;82;109m▗[38;2;208;58;90;48;2;143;121;122m▀[0m[7m[38;2;137;127;122m▗[0m[38;2;163;147;107m▘   [0m
 [38;2;0;0;0m    [38;2;188;174;138m▝[38;2;165;134;112m▀[38;2;226;68;74;48;2;186;169;134m▀[38;2;203;70;96;48;2;186;170;136m▀[0m[38;2;161;134;113m▀[38;2;191;177;142m▘     [0m
[?25h