[?25l[0m[7m[38;2;88;57;70m▀[38;2;87;106;134m▀[0m[38;2;152;134;137;48;2;71;111;157m▀[38;2;136;120;124;48;2;52;104;167m▀[38;2;120;105;109;48;2;45;111;186m▀[38;2;101;81;89;48;2;44;124;204m▀[38;2;89;66;76;48;2;56;130;199m▀[38;2;89;59;73;48;2;77;137;174m▀[38;2;89;66;76;48;2;47;128;208m▀[38;2;101;81;89;48;2;44;124;204m▀[38;2;119;105;109;48;2;45;111;185m▀[38;2;136;120;124;48;2;52;104;167m▀[38;2;152;134;137;48;2;71;110;157m▀[0m[7m[38;2;87;106;134m▀[38;2;88;57;70m▀[0m
[38;2;102;85;91;48;2;71;25;45m▐[38;2;43;132;217;48;2;45;127;208m▐[38;2;89;146;207;48;2;45;132;216m▝[38;2;148;167;188;48;2;51;134;216m▘[38;2;59;136;204;48;2;43;132;217m▗[38;2;52;134;209;48;2;153;157;66m▀[38;2;158;161;70;48;2;191;169;2m▘[38;2;191;170;1;48;2;192;170;0m▝[38;2;177;165;38;48;2;191;169;0m▝[38;2;54;129;200;48;2;151;155;61m▝[38;2;50;122;190;48;2;43;132;217m▖[38;2;47;132;215;48;2;43;132;216m▖[38;2;43;132;217;48;2;77;140;186m▀[38;2;45;127;208;48;2;43;131;215m▐[38;2;71;25;46;48;2;102;85;91m▐[0m
[38;2;102;85;91;48;2;71;25;45m▐[38;2;42;132;217;48;2;45;127;208m▐[38;2;155;160;76;48;2;85;142;177m▐[38;2;49;123;194;48;2;163;159;50m▝[38;2;45;132;216;48;2;106;147;140m▀[38;2;136;145;100;48;2;91;143;175m▝[38;2;129;143;95;48;2;175;162;29m▖[48;2;192;170;0m  [38;2;93;126;137;48;2;177;163;21m▗[38;2;61;119;174;48;2;128;148;105m▘[38;2;180;166;29;48;2;167;160;43m▝[38;2;70;121;167;48;2;154;153;55m▗[38;2;53;118;181;48;2;45;127;208m▘[38;2;71;25;46;48;2;102;85;91m▐[0m
[38;2;102;85;91;48;2;71;25;45m▐[38;2;43;132;217;48;2;45;127;208m▐[38;2;100;146;162;48;2;43;132;216m▝[38;2;85;134;157;48;2;48;132;215m▀[38;2;184;168;24;48;2;95;144;155m▝[38;2;184;166;24;48;2;191;169;1m▞[48;2;192;170;0m   [38;2;53;123;189;48;2;114;136;108m▐[38;2;66;127;177;48;2;149;157;79m▞[38;2;118;143;113;48;2;46;130;210m▖[38;2;43;131;214;48;2;43;132;217m▘[38;2;45;127;208m▐[38;2;71;25;46;48;2;102;85;91m▐[0m
[38;2;102;85;91;48;2;71;25;45m▐[38;2;43;132;217;48;2;45;127;208m▐[38;2;95;144;180;48;2;43;132;216m▝[38;2;181;167;26;48;2;121;149;119m▀[38;2;156;154;56;48;2;96;134;139m▀[38;2;90;134;145;48;2;167;163;55m▀[38;2;105;144;139;48;2;188;169;12m▘[38;2;185;167;12;48;2;191;169;0m▗[48;2;192;170;0m [38;2;100;132;126;48;2;187;168;8m▐[38;2;43;131;215;48;2;116;147;133m▀[38;2;139;149;85;48;2;91;136;152m▞[38;2;43;132;217;48;2;51;121;188m▐[38;2;45;127;208;48;2;43;132;217m▐[38;2;71;25;46;48;2;102;85;91m▐[0m
[38;2;102;85;91;48;2;71;25;45m▐[38;2;43;132;217;48;2;45;127;208m▐[38;2;53;134;209;48;2;43;132;217m▗[38;2;43;132;216;48;2;175;165;51m▀[38;2;49;133;212;48;2;134;155;94m▀[38;2;182;167;23;48;2;119;150;123m▐[38;2;175;162;29;48;2;192;170;0m▐[38;2;189;169;6;48;2;125;143;104m▝[38;2;192;170;0;48;2;173;163;37m▀[38;2;108;133;113;48;2;180;165;18m▝[38;2;88;142;166;48;2;174;161;33m▀[38;2;65;121;169;48;2;44;130;212m▖[48;2;43;132;217m [38;2;45;127;208m▐[38;2;71;25;46;48;2;102;85;91m▐[0m
[38;2;102;85;91;48;2;71;25;45m▐[38;2;43;132;217;48;2;45;127;208m▐[38;2;50;133;213;48;2;43;132;217m▝[38;2;148;157;85;48;2;60;136;200m▝[38;2;128;144;93;48;2;43;131;216m▀[38;2;102;141;131;48;2;43;132;217m▀[38;2;73;130;175;48;2;43;132;216m▀[38;2;179;166;30;48;2;102;143;149m▗[38;2;97;143;155;48;2;178;163;29m▀[38;2;178;164;23;48;2;79;126;154m▀[38;2;131;143;88;48;2;49;125;197m▘[38;2;45;128;208;48;2;43;132;217m▘ [38;2;45;127;208m▐[38;2;71;25;46;48;2;102;85;91m▐[0m
[38;2;110;99;102;48;2;84;41;60m▐[38;2;54;82;136;48;2;44;129;212m▖[38;2;52;53;97;48;2;45;119;197m▗[38;2;43;131;216;48;2;48;96;162m▀[38;2;43;132;217;48;2;46;113;188m▀[38;2;44;126;207;48;2;42;132;217m▖[38;2;70;142;214;48;2;53;135;215m▗[38;2;55;136;215;48;2;70;140;212m▘[38;2;53;131;207;48;2;68;140;212m▀[38;2;43;131;216;48;2;44;129;212m▞[38;2;43;132;217;48;2;45;119;197m▀[38;2;43;131;216;48;2;46;108;181m▀[38;2;44;127;209;48;2;50;72;127m▀[38;2;54;82;136;48;2;44;129;211m▗[38;2;84;41;60;48;2;110;99;102m▐[0m
[38;2;124;96;105m▝[7m[38;2;116;107;118m▖[0m[38;2;53;105;168;48;2;115;97;103m▀[38;2;47;103;173;48;2;89;90;109m▀[38;2;46;119;197;48;2;67;100;148m▘[38;2;50;74;130;48;2;49;101;167m▘[38;2;51;72;126;48;2;45;119;197m▀[38;2;49;94;159;48;2;45;114;190m▀[38;2;42;132;217;48;2;48;100;169m▖[38;2;52;54;99;48;2;50;96;160m▝[38;2;51;69;123;48;2;66;112;166m▘[38;2;47;102;171;48;2;89;90;109m▀[38;2;53;105;167;48;2;115;96;103m▀[0m[7m[38;2;116;107;118m▗[0m[38;2;124;96;105m▘[0m
 [38;2;0;0;0m [0m  [38;2;153;133;137m▀[38;2;123;106;111m▀[38;2;90;82;95m▀[38;2;74;107;146;48;2;116;92;100m▀[0m[38;2;90;81;95m▀[38;2;123;106;111m▀[38;2;153;133;137m▀[0m  [38;2;243;239;232m  [0m
[?25h