[?25l[0m[38;2;234;45;52;48;2;236;99;102m▗[38;2;234;42;49;48;2;233;86;90m▖[0m[7m[38;2;222;111;117m▝[38;2;222;113;119m▘[0m[38;2;235;83;87;48;2;213;84;95m▀[38;2;237;108;110;48;2;214;111;119m▀[0m[7m[38;2;222;118;124m▘[0m[38;2;224;84;91;48;2;225;109;114m▐[38;2;226;110;115;48;2;224;84;91m▐[0m[7m[38;2;222;119;125m▝[0m[38;2;215;121;129;48;2;229;105;109m▖[38;2;235;83;87;48;2;213;84;95m▀[0m[7m[38;2;222;115;120m▝[38;2;222;116;122m▘[0m[38;2;234;42;49;48;2;233;88;92m▗[38;2;234;45;52;48;2;236;98;100m▖[0m
[38;2;234;62;68;48;2;237;111;112m▐[38;2;189;129;145;48;2;234;45;52m▐[38;2;51;119;178;48;2;156;133;161m▘[38;2;133;167;203;48;2;160;111;137m▀[38;2;126;164;202;48;2;166;115;139m▀[38;2;129;167;204;48;2;153;107;135m▀[38;2;122;162;201;48;2;168;115;139m▀[38;2;112;154;196;48;2;172;117;140m▀[38;2;21;100;168;48;2;149;129;159m▝[38;2;103;150;194;48;2;155;108;135m▀[38;2;131;167;203;48;2;172;118;140m▀[38;2;130;167;204;48;2;153;107;135m▀[38;2;129;167;204;48;2;164;113;138m▀[38;2;95;146;192;48;2;156;109;136m▀[38;2;234;45;52;48;2;182;131;148m▐[38;2;237;109;111;48;2;234;62;67m▐[0m
 [7m[38;2;238;121;122m▖[0m[38;2;131;166;198;48;2;235;74;78m▐[38;2;114;150;191;48;2;243;246;249m▀[38;2;154;176;204;48;2;254;254;254m▀[38;2;119;153;192;48;2;250;250;252m▀[38;2;89;136;183;48;2;181;200;222m▀[38;2;71;126;178;48;2;21;100;168m▀[48;2;17;98;167m▀▀▀▀▀[38;2;235;70;75;48;2;112;155;192m▐[38;2;236;92;95;48;2;238;138;138m▘[0m [0m
 [38;2;238;128;129m▐[38;2;95;147;189;48;2;235;74;79m▐[38;2;147;179;211;48;2;229;235;243m▖[38;2;33;106;171;48;2;222;231;240m▗[38;2;237;241;246;48;2;254;254;254m▖ [38;2;159;188;216;48;2;243;246;249m▝[38;2;149;182;213;48;2;254;254;254m▀[38;2;203;217;233m▀[38;2;254;254;254;48;2;245;246;249m▖[38;2;175;199;222;48;2;233;238;244m▝[38;2;194;211;229;48;2;115;157;198m▞[38;2;235;71;75;48;2;114;158;195m▐[0m[7m[38;2;238;127;128m▐[0m[38;2;240;159;158m [0m
 [38;2;238;128;129m▐[38;2;95;147;189;48;2;235;74;79m▐[38;2;246;248;250;48;2;102;151;196m▗[38;2;106;151;195;48;2;123;166;204m▖[38;2;246;248;250;48;2;133;171;206m▀[38;2;247;248;250;48;2;253;253;253m▖[38;2;254;254;254;48;2;148;181;212m▀[48;2;129;169;206m▀[38;2;244;246;249;48;2;90;142;190m▀[38;2;212;222;235;48;2;241;244;247m▗[38;2;203;217;232;48;2;243;245;248m▞[38;2;167;194;220;48;2;39;111;174m▖[38;2;235;71;75;48;2;95;147;189m▐[0m[7m[38;2;238;127;128m▐[0m[38;2;240;159;158m [0m
 [38;2;238;128;129m▐[38;2;95;147;189;48;2;235;74;79m▐[38;2;165;189;215;48;2;17;98;167m▐[38;2;132;169;205;48;2;215;223;234m▀[38;2;152;178;209;48;2;29;105;170m▖[38;2;241;243;247;48;2;67;129;184m▝[38;2;233;238;245;48;2;42;112;174m▖[48;2;17;98;167m [38;2;41;112;174;48;2;132;171;207m▀[38;2;209;221;234;48;2;58;123;180m▘[38;2;224;232;241;48;2;69;130;184m▗[38;2;17;98;167;48;2;152;184;214m▐[38;2;235;71;75;48;2;95;147;189m▐[0m[7m[38;2;238;127;128m▐[0m[38;2;240;159;158m [0m
 [38;2;238;128;129m▐[38;2;167;166;192;48;2;229;69;78m▐[38;2;131;115;154;48;2;142;174;207m▀[38;2;186;148;171;48;2;149;178;209m▀[38;2;138;119;156;48;2;168;191;216m▀[38;2;154;129;161;48;2;123;162;201m▀[38;2;157;131;163;48;2;158;183;212m▀[38;2;130;114;154m▀[48;2;120;161;200m▀[48;2;167;191;216m▀[38;2;145;121;157;48;2;147;176;208m▀[38;2;130;114;154;48;2;138;171;205m▀[38;2;230;66;75;48;2;167;165;191m▐[0m[7m[38;2;238;127;128m▐[0m[38;2;240;159;158m [0m
 [38;2;238;124;124m▐[38;2;140;131;166;48;2;229;63;72m▐[38;2;189;127;153;48;2;145;169;201m▀[38;2;181;122;150;48;2;139;165;198m▀[38;2;156;106;141;48;2;134;162;197m▀[38;2;205;137;158;48;2;148;172;203m▀[38;2;171;116;147;48;2;135;163;197m▀[38;2;169;114;146;48;2;123;156;194m▀[38;2;206;137;158;48;2;95;139;185m▀[38;2;159;108;142;48;2;119;153;192m▀[38;2;181;122;150;48;2;117;153;192m▀[38;2;191;128;154;48;2;143;167;199m▀[38;2;229;61;70;48;2;140;132;166m▐[0m[7m[38;2;238;127;128m▐[0m[38;2;240;159;158m [0m
  [38;2;235;76;80;48;2;215;146;152m▘[38;2;146;116;146;48;2;230;89;96m▀[38;2;162;125;151;48;2;171;83;116m▀[38;2;158;123;150;48;2;81;88;148m▀[38;2;159;124;151;48;2;45;95;162m▀[38;2;165;126;151m▀[38;2;169;129;153m▀[38;2;153;119;148m▀[38;2;169;130;153;48;2;80;89;148m▀[38;2;168;129;153;48;2;169;84;118m▀[38;2;160;123;150;48;2;229;89;96m▀[38;2;235;74;78;48;2;215;145;151m▝[0m [38;2;239;146;145m [0m
 [38;2;0;0;0m  [0m  [38;2;235;101;105m▀[38;2;179;86;111m▀[38;2;86;83;136;48;2;237;122;123m▀[38;2;87;82;135;48;2;238;124;125m▀[0m[38;2;180;87;112m▀[38;2;235;102;105m▀[0m  [38;2;243;214;208m   [0m
[?25h