[?25l[0m   [7m[38;2;141;158;191m▀[0m[38;2;100;124;172m▗[7m[38;2;171;183;205m▐[0m[38;2;244;242;234m    [0m [7m[38;2;173;183;204m▀[0m  [38;2;194;199;211m  [0m
  [38;2;172;184;205;48;2;94;120;170m▀[38;2;217;222;233;48;2;98;125;174m▗[38;2;60;94;155;48;2;155;170;200m▖[0m[7m[38;2;132;151;188m▐[0m[38;2;239;237;232m  [38;2;202;208;220m▗[38;2;53;90;153m▗[38;2;85;114;168;48;2;105;130;176m▗[38;2;141;158;193;48;2;40;79;147m▘[38;2;149;163;193;48;2;53;89;153m▝[0m[7m[38;2;166;178;200m▗[0m [38;2;212;213;219m [0m
  [38;2;84;112;165m▐[38;2;101;128;176;48;2;26;69;142m▝[38;2;94;121;172;48;2;202;210;225m▞[38;2;156;169;199;48;2;233;235;241m▝[0m[38;2;170;181;205m▗[38;2;172;182;203m▖[38;2;53;89;153m▐[38;2;26;69;142;48;2;76;107;164m▐[38;2;133;152;190;48;2;75;106;163m▗[38;2;26;69;142;48;2;95;121;171m▞[0m[38;2;134;153;188m▘   [0m
 [38;2;0;0;0m [0m [38;2;116;137;180m▝[38;2;26;69;142;48;2;69;100;158m▗[38;2;146;164;198;48;2;55;90;153m▝[38;2;233;236;242;48;2;62;96;157m▀[38;2;124;145;186;48;2;225;229;238m▞[38;2;82;109;163;48;2;163;176;204m▝[38;2;204;211;227;48;2;57;93;156m▗[38;2;69;102;161;48;2;177;188;210m▞[0m[38;2;122;144;183m▘    [0m
 [38;2;0;0;0m [38;2;173;182;203m▗[7m[38;2;143;159;191m▀[38;2;121;142;182m▀[0m[38;2;58;92;154;48;2;135;153;188m▝[38;2;52;87;152;48;2;101;126;174m▘[38;2;147;163;196;48;2;193;199;216m▀[38;2;164;176;205;48;2;230;233;240m▘[38;2;138;156;192;48;2;213;219;231m▘[38;2;231;232;233;48;2;160;173;201m▞[0m[38;2;199;203;215m▖    [0m
 [38;2;0;0;0m  [38;2;124;146;185m▝[38;2;86;114;166m▀[38;2;52;87;151m▀[38;2;180;191;209;48;2;55;89;152m▖[38;2;232;233;239;48;2;156;170;200m▝[38;2;251;251;252;48;2;165;178;206m▀[38;2;131;150;188;48;2;210;213;222m▞[38;2;140;158;194;48;2;217;219;226m▘[38;2;179;188;210;48;2;205;210;221m▖[0m[38;2;179;188;210m    [0m
 [38;2;211;209;208;48;2;201;200;201m▀[0m [38;2;245;242;234m   [38;2;184;192;210m▝[38;2;172;183;207;48;2;76;106;161m▐[38;2;72;102;160;48;2;157;169;197m▝[0m[38;2;161;172;198m▖ [0m [38;2;244;241;234m [0m [38;2;218;216;214;48;2;205;204;204m▘[0m [0m
 [38;2;201;200;201;48;2;204;202;203m▐[38;2;237;237;236;48;2;222;222;222m▀[0m[7m[38;2;217;217;217m▀[0m[38;2;227;226;224m▖[7m[38;2;216;214;212m▀[38;2;208;190;194m▘[0m[38;2;204;136;143;48;2;204;72;89m▀[38;2;202;121;132;48;2;208;91;106m▀[38;2;208;133;144;48;2;216;213;213m▖[0m[7m[38;2;215;213;211m▀[0m[38;2;229;228;224m▗[7m[38;2;217;217;217m▀[0m[38;2;236;235;234;48;2;219;219;219m▀[38;2;210;208;209;48;2;209;208;209m▖[0m [0m
[38;2;169;140;167m▐[38;2;79;110;165;48;2;143;142;176m▖[38;2;165;163;192;48;2;126;132;174m▐[38;2;150;165;197;48;2;132;133;171m▗[38;2;195;186;201;48;2;138;140;174m▞[38;2;208;204;205;48;2;155;142;175m▀[38;2;188;183;184;48;2;156;138;161m▀[38;2;205;118;129;48;2;190;173;176m▀[38;2;210;132;142;48;2;193;180;182m▀[38;2;184;177;179;48;2;168;146;161m▀[38;2;209;207;208;48;2;152;138;170m▀[38;2;94;112;163;48;2;190;180;195m▖[38;2;92;119;170;48;2;148;148;181m▖[38;2;94;118;168;48;2;136;134;174m▖[38;2;143;133;168;48;2;69;100;159m▀[0m[7m[38;2;144;123;159m▐[0m
 [38;2;200;149;165m▀[38;2;222;171;174m▀[0m [38;2;155;142;173m▀[38;2;120;126;171;48;2;206;197;208m▘[38;2;112;135;180;48;2;156;153;184m▝[38;2;62;96;158;48;2;142;139;176m▘[38;2;151;149;184;48;2;136;135;174m▐[38;2;68;100;159;48;2;158;154;184m▝[38;2;167;163;188;48;2;220;212;219m▞[0m[38;2;162;148;176m▀[38;2;197;176;191m▀[38;2;224;175;177m▀[38;2;201;157;172m▀[0m [0m
[?25h