[?25l[0m[38;2;177;66;41;48;2;199;124;22m▐[38;2;51;52;90;48;2;167;99;43m▗[38;2;188;96;35;48;2;51;52;90m▀▀▀▀▀[48;2;55;55;89m▀▀[48;2;51;52;90m▀▀▀▀▀[38;2;51;52;90;48;2;167;99;43m▖[38;2;199;124;22;48;2;177;66;41m▐[0m
[38;2;173;58;44;48;2;196;117;26m▐[38;2;15;28;97;48;2;107;91;64m▐[48;2;15;28;97m [38;2;85;75;79;48;2;15;28;96m▝[38;2;202;156;14;48;2;84;74;73m▗[38;2;18;30;96;48;2;99;85;66m▀[38;2;15;28;96;48;2;149;119;41m▀[38;2;186;145;26;48;2;106;89;65m▐[38;2;106;89;65;48;2;186;145;26m▐[38;2;15;28;96;48;2;149;119;41m▀[38;2;18;30;96;48;2;99;85;66m▀[38;2;202;156;15;48;2;84;74;73m▖[38;2;85;75;79;48;2;15;28;96m▘[48;2;15;28;97m [38;2;107;91;64m▐[38;2;196;117;26;48;2;173;58;44m▐[0m
[38;2;173;58;44;48;2;196;117;26m▐[38;2;15;28;97;48;2;107;91;64m▐[38;2;20;31;96;48;2;15;28;97m▗[38;2;26;35;94;48;2;117;97;60m▀[38;2;108;90;67;48;2;24;34;95m▀[38;2;163;128;39;48;2;111;92;71m▀[38;2;164;128;51;48;2;93;80;74m▀[38;2;136;110;61;48;2;90;78;79m▀[48;2;80;71;72m▀[38;2;164;128;51;48;2;34;40;93m▀[38;2;163;128;39;48;2;53;53;88m▀[38;2;100;85;69;48;2;49;45;92m▘[38;2;19;28;96;48;2;61;37;90m▀[38;2;15;28;96;48;2;15;28;97m▖[38;2;107;91;64m▐[38;2;196;117;26;48;2;173;58;44m▐[0m
[38;2;173;58;44;48;2;196;117;26m▐[38;2;15;28;97;48;2;107;91;63m▐[38;2;17;29;96;48;2;113;94;60m▘[38;2;64;60;81;48;2;15;28;97m▘[38;2;19;28;96;48;2;125;30;67m▀[38;2;219;168;0;48;2;68;54;87m▐[38;2;80;61;86;48;2;219;168;0m▐[38;2;135;52;70;48;2;32;36;94m▖[38;2;61;41;90;48;2;131;80;62m▘[38;2;148;119;40;48;2;203;156;15m▗[38;2;15;28;97;48;2;76;69;75m▐[48;2;15;28;97m [38;2;41;41;94;48;2;17;30;97m▀[38;2;15;28;97;48;2;65;31;86m▝[38;2;107;91;63;48;2;15;28;97m▐[38;2;196;117;26;48;2;173;58;44m▐[0m
[38;2;166;40;51;48;2;210;152;53m▐[38;2;15;28;97;48;2;140;110;48m▐[38;2;62;60;84;48;2;106;90;61m▞[48;2;15;28;97m [38;2;121;30;68;48;2;15;28;96m▀[38;2;58;46;90;48;2;158;73;50m▖[38;2;119;51;71;48;2;169;90;44m▐[38;2;151;29;58;48;2;72;51;80m▖[38;2;182;138;29;48;2;131;36;65m▀[38;2;115;89;59;48;2;184;143;23m▞[38;2;17;29;96;48;2;157;124;36m▀[38;2;31;39;93;48;2;15;28;97m▖ [38;2;34;30;95;48;2;75;30;82m▘[38;2;140;110;48;48;2;15;28;97m▐[38;2;210;152;53;48;2;166;40;51m▐[0m
[38;2;195;114;49m▐[38;2;47;49;88;48;2;171;87;42m▝[38;2;108;91;68;48;2;16;28;97m▝[38;2;38;39;91;48;2;79;69;83m▀[38;2;136;31;65;48;2;47;30;90m▘[38;2;102;87;65;48;2;62;36;88m▝[48;2;70;36;85m▘[38;2;130;30;65;48;2;23;28;95m▀[38;2;139;28;60;48;2;66;29;85m▀[38;2;21;32;96;48;2;65;29;86m▝[38;2;116;97;54;48;2;71;43;83m▝[38;2;137;109;52;48;2;73;40;83m▘[38;2;108;31;74;48;2;32;29;93m▗[38;2;117;31;71;48;2;22;28;95m▘[38;2;47;49;88;48;2;171;87;42m▘[0m[7m[38;2;195;114;49m▐[0m
 [7m[38;2;188;97;41m▖[0m[38;2;15;28;97;48;2;142;88;52m▝[38;2;45;33;94;48;2;18;28;96m▝[38;2;69;56;89;48;2;34;29;94m▀[38;2;22;32;96;48;2;50;39;92m▝[38;2;238;219;176;48;2;52;54;106m▗[38;2;69;70;119;48;2;210;188;186m▘[38;2;76;70;118;48;2;205;175;174m▝[38;2;238;219;176;48;2;49;54;107m▖[38;2;16;28;96;48;2;68;30;85m▀[38;2;93;31;79;48;2;39;28;91m▝[38;2;68;29;84;48;2;16;28;96m▘[38;2;15;28;97;48;2;142;88;52m▘[0m[7m[38;2;188;97;41m▗[0m [0m
  [7m[38;2;199;126;67m▖[0m[38;2;39;44;90;48;2;170;90;43m▝[38;2;104;85;66;48;2;17;29;96m▖[48;2;15;28;97m [38;2;178;168;154;48;2;36;40;102m▝[38;2;223;186;190;48;2;105;100;126m▀[38;2;222;184;188;48;2;109;100;126m▀[38;2;178;168;154;48;2;37;40;102m▘[48;2;15;28;97m [38;2;104;85;66;48;2;17;29;96m▗[38;2;39;44;90;48;2;170;90;43m▘[0m[7m[38;2;200;126;67m▗[0m [38;2;240;229;193m [0m
 [38;2;0;0;0m  [38;2;207;146;72m▝[7m[38;2;185;103;55m▖[0m[38;2;60;57;82;48;2;177;82;41m▀[38;2;120;87;62;48;2;27;36;93m▖[48;2;15;28;97m  [48;2;27;36;93m▗[38;2;60;57;82;48;2;177;82;41m▀[0m[7m[38;2;185;103;55m▗[0m[38;2;207;146;72m▘[0m [38;2;237;221;170m  [0m
 [38;2;0;0;0m    [38;2;220;179;113m▝[38;2;185;91;45m▀[38;2;216;170;111;48;2;154;92;58m▖▗[0m[38;2;185;91;45m▀[38;2;220;179;113m▘     [0m
[?25h