[?25l[0m [38;2;0;0;0m   [0m  [7m[38;2;126;67;30m▀[0m[38;2;135;108;90;48;2;73;42;24m▀[38;2;134;106;87;48;2;71;42;24m▀[0m[7m[38;2;126;67;29m▀[0m  [38;2;238;236;228m    [0m
  [7m[38;2;144;129;118m▀[38;2;123;61;22m▀[0m[38;2;131;90;65;48;2;52;35;26m▀[38;2;109;54;20;48;2;32;28;29m▀[38;2;14;23;31;48;2;36;29;29m▞[38;2;21;24;30;48;2;15;23;31m▖ [38;2;48;34;27;48;2;19;24;30m▗[38;2;107;54;20;48;2;28;27;29m▀[38;2;131;89;63;48;2;55;36;26m▀[0m[7m[38;2;123;61;21m▀[38;2;143;127;115m▀[0m [38;2;221;219;212m [0m
[7m[38;2;114;61;27m▀[0m[38;2;128;77;45;48;2;34;29;28m▀[38;2;94;49;22;48;2;15;23;31m▀[38;2;74;43;24;48;2;23;25;30m▐[38;2;14;23;31;48;2;176;76;13m▀[38;2;53;35;26;48;2;160;71;15m▀[38;2;158;72;14;48;2;146;67;16m▞[38;2;17;23;30;48;2;190;81;12m▀[38;2;15;23;31;48;2;191;82;12m▀[38;2;49;34;27m▀[38;2;146;67;16m▀[38;2;17;23;30;48;2;175;76;14m▀[38;2;95;50;22;48;2;15;23;30m▖[38;2;93;49;22;48;2;15;23;31m▀[38;2;127;76;43;48;2;33;29;29m▀[0m[7m[38;2;110;57;23m▀[0m
[38;2;142;66;15;48;2;62;47;42m▐[48;2;15;23;31m   [38;2;169;76;12;48;2;164;74;13m▐[38;2;183;80;11;48;2;33;29;29m▗[38;2;204;87;9;48;2;129;61;18m▗[38;2;15;23;31;48;2;193;83;12m▀▀[38;2;32;28;29;48;2;194;84;12m▀[38;2;187;81;11;48;2;122;59;19m▗[38;2;88;47;23;48;2;21;24;30m▞[38;2;157;71;14;48;2;166;75;12m▀[48;2;15;23;31m  [38;2;60;41;33;48;2;132;63;16m▐[0m
[38;2;142;66;15;48;2;62;47;42m▐[48;2;15;23;31m  [38;2;55;36;26m▗[38;2;200;85;10;48;2;169;75;12m▗[38;2;35;29;28;48;2;196;84;12m▀[38;2;132;62;18m▀[38;2;14;23;31m▀▀[38;2;35;29;29;48;2;165;73;15m▀[38;2;148;68;15;48;2;157;71;14m▐[38;2;60;38;26;48;2;181;79;13m▀[38;2;20;24;30;48;2;141;65;16m▗[48;2;15;23;31m  [38;2;60;41;33;48;2;132;63;16m▐[0m
[38;2;142;66;15;48;2;62;47;42m▐[38;2;17;25;33;48;2;15;23;31m▗[38;2;26;33;40m▖[38;2;93;49;22;48;2;24;28;33m▝[38;2;16;23;30;48;2;30;37;43m▀[38;2;73;46;30;48;2;15;23;31m▐[38;2;139;64;17;48;2;42;35;33m▀[38;2;15;23;31;48;2;24;29;35m▀[38;2;33;39;45;48;2;16;24;32m▖[38;2;75;48;32;48;2;22;29;36m▐[38;2;157;71;14;48;2;45;38;37m▀[38;2;16;23;30;48;2;35;38;43m▀[38;2;26;33;40;48;2;15;23;31m▗[38;2;24;31;38;48;2;16;24;32m▗[38;2;18;25;33;48;2;15;23;31m▖[38;2;60;41;33;48;2;132;63;16m▐[0m
[38;2;142;66;15;48;2;62;47;42m▐[38;2;52;59;65;48;2;15;23;31m▐[38;2;73;78;83;48;2;184;186;188m▐[38;2;99;104;108;48;2;177;180;182m▐[38;2;144;147;150;48;2;154;156;159m▐[38;2;160;162;165;48;2;113;118;122m▐[38;2;53;59;65;48;2;147;150;153m▘[38;2;177;178;180;48;2;60;66;72m▐[38;2;112;116;120;48;2;165;167;169m▝[38;2;192;194;196;48;2;49;56;62m▐[38;2;17;26;33;48;2;106;111;115m▖[38;2;147;150;153;48;2;152;155;157m▀[38;2;172;175;177;48;2;102;106;111m▐[38;2;82;86;90;48;2;183;185;187m▖[38;2;15;23;31;48;2;57;63;69m▐[38;2;60;41;33;48;2;132;63;16m▐[0m
[38;2;112;60;27m▀[38;2;39;31;28;48;2;129;81;50m▀[38;2;15;23;31;48;2;99;51;21m▀[38;2;71;77;82;48;2;17;23;30m▐[38;2;36;43;50;48;2;107;111;115m▗[38;2;62;68;74;48;2;106;110;114m▗[38;2;66;72;78;48;2;120;123;127m▐[38;2;143;146;149;48;2;74;80;85m▘[38;2;147;150;152;48;2;108;112;116m▝[38;2;124;128;131;48;2;92;97;102m▝[38;2;113;117;120;48;2;21;28;36m▐[38;2;43;49;56;48;2;104;108;113m▖[38;2;16;23;30;48;2;48;55;61m▐[38;2;15;23;31;48;2;97;50;22m▀[38;2;38;30;28;48;2;129;80;48m▀[0m[38;2;108;56;23m▀[0m
  [38;2;147;135;126m▀[38;2;124;63;24m▀[38;2;59;37;26;48;2;131;95;72m▀[38;2;15;23;31;48;2;112;55;20m▀[38;2;36;29;29;48;2;15;23;31m▖[38;2;85;45;23;48;2;23;25;30m▗[38;2;54;35;27;48;2;152;69;15m▐[38;2;34;29;29;48;2;15;23;31m▗[38;2;15;23;31;48;2;111;55;20m▀[38;2;57;37;26;48;2;131;94;70m▀[0m[38;2;124;62;23m▀[38;2;146;133;123m▀[0m [38;2;227;225;218m [0m
 [38;2;0;0;0m   [0m [38;2;135;126;120m▝[38;2;126;70;34m▀[38;2;86;46;23;48;2;137;114;98m▀[38;2;78;44;24;48;2;136;112;96m▀[0m[38;2;126;69;33m▀[0m  [38;2;241;238;231m    [0m
[?25h