[?25l[0m [38;2;0;0;0m    [0m  [7m[38;2;125;132;144m▘[38;2;104;114;131m▀[0m  [38;2;217;215;210m     [0m
 [38;2;0;0;0m  [0m [7m[38;2;105;114;131m▀[0m[38;2;221;223;227;48;2;97;108;127m▖[38;2;70;83;105;48;2;182;185;190m▞[38;2;250;250;250;48;2;142;151;166m▞[38;2;101;113;134;48;2;227;229;232m▝[38;2;179;182;187;48;2;73;85;107m▞[38;2;218;220;224;48;2;98;109;128m▗[0m[7m[38;2;106;116;132m▀[0m [38;2;238;236;228m   [0m
 [38;2;0;0;0m [0m [7m[38;2;106;116;133m▘[0m[38;2;100;112;133;48;2;227;229;232m▘[38;2;79;93;117;48;2;226;227;230m▖[38;2;88;102;126;48;2;232;234;236m▗[38;2;131;141;158;48;2;17;40;75m▘[38;2;138;148;164m▝[38;2;95;108;131;48;2;233;234;236m▖[38;2;77;92;116;48;2;225;227;230m▗[38;2;94;107;129;48;2;228;230;233m▝[0m[7m[38;2;107;116;133m▝[0m [38;2;211;209;205m  [0m
 [38;2;144;148;155m▗[38;2;63;78;103;48;2;199;200;203m▞[38;2;101;114;135;48;2;227;229;232m▗[38;2;82;96;120;48;2;144;152;167m▞[38;2;231;232;235;48;2;103;116;137m▀[38;2;17;40;75;48;2;46;65;95m▝[48;2;56;74;103m▀[48;2;53;72;101m▀[38;2;55;73;101;48;2;26;48;81m▐[38;2;57;75;103;48;2;207;210;216m▖[38;2;151;158;172;48;2;90;104;126m▞[38;2;148;156;170;48;2;249;249;250m▞[38;2;199;200;203;48;2;62;77;103m▞[0m[38;2;149;153;159m▖ [0m
[38;2;73;85;107m▗[38;2;54;72;100;48;2;109;119;137m▞[38;2;91;105;128;48;2;167;174;186m▗[38;2;38;58;90;48;2;141;150;166m▀[38;2;77;92;117;48;2;126;136;153m▖[38;2;74;90;115;48;2;121;132;150m▖[38;2;162;170;183;48;2;118;129;147m▗[38;2;170;177;189;48;2;89;102;124m▗[38;2;142;150;164;48;2;97;110;132m▖[38;2;84;98;121;48;2;123;133;150m▝[38;2;41;60;90;48;2;111;123;142m▖[38;2;21;43;77;48;2;133;142;158m▗[38;2;60;78;105;48;2;158;165;177m▀[38;2;103;116;137;48;2;173;180;190m▖[38;2;119;127;141;48;2;30;50;82m▞[0m[38;2;78;90;110m▖[0m
[38;2;62;76;100m▝[38;2;169;175;185;48;2;47;66;95m▝[38;2;172;177;187;48;2;92;120;156m▝[38;2;154;161;174;48;2;62;85;118m▝[38;2;160;166;177;48;2;82;110;146m▝[38;2;108;119;139;48;2;18;41;76m▀[38;2;132;142;158;48;2;28;48;81m▐[38;2;16;39;74;48;2;135;144;159m▘[38;2;106;118;137;48;2;143;150;163m▐[38;2;134;142;158;48;2;30;51;84m▀[38;2;126;135;152;48;2;18;41;76m▀[38;2;127;136;153;48;2;85;120;163m▀[38;2;181;184;191;48;2;54;79;113m▘[38;2;39;58;89;48;2;111;136;168m▘[38;2;184;189;197;48;2;52;69;97m▘[0m[38;2;66;80;103m▘[0m
 [38;2;131;136;145m▝[38;2;145;167;192;48;2;49;72;105m▞[38;2;55;84;123;48;2;125;167;215m▝[38;2;136;181;231;48;2;72;104;145m▝[38;2;26;50;86;48;2;119;161;208m▝[38;2;153;161;175;48;2;24;48;84m▝[38;2;107;119;139;48;2;17;40;75m▀[38;2;139;148;163;48;2;17;39;75m▀[38;2;17;40;75;48;2;47;69;102m▞[38;2;28;52;88;48;2;120;162;209m▘[38;2;136;180;230;48;2;71;103;144m▘[38;2;58;87;126;48;2;125;167;215m▘[38;2;50;71;104;48;2;147;168;193m▞[0m[38;2;136;141;149m▘ [0m
 [38;2;0;0;0m [0m [7m[38;2;80;100;129m▖[0m[38;2;83;116;159;48;2;135;180;230m▞[38;2;49;76;114;48;2;124;166;214m▘[38;2;57;87;126;48;2;125;168;216m▝[38;2;80;114;156;48;2;17;40;75m▖[38;2;84;118;160m▗[38;2;61;91;130;48;2;126;168;216m▘[38;2;47;74;112;48;2;124;166;214m▝[38;2;63;93;133m▗[0m[7m[38;2;82;101;129m▗[0m [38;2;201;200;198m  [0m
 [38;2;0;0;0m  [0m [7m[38;2;112;123;140m▖[0m[38;2;52;74;106;48;2;132;154;181m▞[0m[7m[38;2;76;96;125m▖[0m[38;2;62;92;131;48;2;124;166;214m▖[38;2;60;88;128;48;2;124;167;215m▗[0m[7m[38;2;77;97;125m▗[0m[38;2;129;151;179;48;2;53;75;108m▞[0m[38;2;90;105;128m▀[0m [38;2;235;232;225m   [0m
 [38;2;0;0;0m   [0m   [38;2;90;105;128m▀[38;2;93;107;129m▀[0m  [38;2;218;216;211m     [0m
[?25h