[?25l[0m [7m[38;2;113;90;139m▀[38;2;171;146;200m▀[38;2;166;137;198m▀[0m[38;2;105;86;127;48;2;141;100;183m▀[38;2;149;131;171;48;2;113;62;165m▀[38;2;174;155;196;48;2;101;43;156m▀[38;2;178;157;203;48;2;104;46;155m▀[48;2;104;47;155m▀[38;2;174;155;196;48;2;101;43;156m▀[38;2;149;131;171;48;2;113;62;165m▀[38;2;105;86;127;48;2;141;100;183m▀[0m[7m[38;2;166;137;198m▀[38;2;171;146;200m▀[38;2;113;90;139m▀[0m [0m
[38;2;103;74;135m▐[38;2;120;72;171;48;2;195;177;217m▐[38;2;99;40;158;48;2;97;37;157m▘[38;2;102;45;156m▗[38;2;120;67;153m▖[38;2;116;62;153;48;2;220;186;132m▀[38;2;152;104;146;48;2;210;174;134m▘[38;2;217;183;133;48;2;151;104;146m▞[38;2;151;104;146;48;2;217;184;133m▞[38;2;152;105;146;48;2;210;174;134m▝[38;2;116;62;153;48;2;220;187;132m▀[38;2;120;67;153;48;2;97;37;157m▗[38;2;103;45;156m▖[38;2;99;40;158m▝[38;2;195;177;217;48;2;120;71;171m▐[0m[7m[38;2;103;74;135m▐[0m
[38;2;186;164;211;48;2;80;62;101m▐[38;2;148;109;188;48;2;99;40;158m▘[48;2;97;37;157m [38;2;99;40;156;48;2;176;135;141m▀[38;2;234;203;129;48;2;210;174;134m▐[38;2;227;196;131;48;2;185;147;140m▀[38;2;188;150;139;48;2;228;197;130m▀[38;2;172;129;142;48;2;229;197;130m▝[38;2;171;129;142m▘[38;2;188;150;139m▀[38;2;227;196;131;48;2;185;147;140m▀[38;2;210;175;134;48;2;234;203;129m▐[38;2;99;40;156;48;2;176;135;141m▀[48;2;97;37;157m [38;2;148;109;188;48;2;99;40;158m▝[38;2;80;62;100;48;2;186;164;211m▐[0m
[38;2;208;193;224;48;2;123;84;165m▐[48;2;97;37;157m [38;2;109;52;154m▐[38;2;126;74;151;48;2;183;144;140m▘[38;2;237;206;128;48;2;239;208;128m▘[38;2;155;111;146;48;2;205;170;135m▗[38;2;189;150;139;48;2;227;194;130m▞[38;2;189;153;139;48;2;230;198;130m▘[38;2;190;153;139m▝[38;2;227;194;130;48;2;189;150;138m▞[38;2;155;111;146;48;2;205;170;135m▖[38;2;237;206;128;48;2;239;208;128m▝[38;2;126;74;151;48;2;184;144;140m▝[38;2;97;37;157;48;2;109;52;154m▐[48;2;97;37;157m [38;2;123;83;165;48;2;208;193;224m▐[0m
[38;2;209;196;225;48;2;117;79;157m▐[48;2;97;37;157m [38;2;109;53;155m▝[38;2;201;164;136;48;2;113;58;154m▀[38;2;222;189;132;48;2;239;208;128m▖[38;2;168;127;144;48;2;223;190;132m▝[38;2;221;189;133;48;2;141;94;149m▝[38;2;189;151;139;48;2;221;189;133m▐[38;2;221;189;133;48;2;189;151;139m▐[48;2;141;94;149m▘[38;2;167;126;144;48;2;223;190;132m▘[38;2;223;190;132;48;2;239;208;128m▗[38;2;201;165;136;48;2;113;59;154m▀[38;2;109;53;155;48;2;97;37;157m▘ [38;2;117;79;157;48;2;209;196;225m▐[0m
[38;2;166;137;196m▐[38;2;193;173;215;48;2;104;48;161m▖[48;2;97;37;157m [38;2;149;102;147;48;2;99;40;156m▝[38;2;112;59;154;48;2;170;128;143m▖[38;2;239;208;128;48;2;161;116;144m▀[38;2;153;107;146;48;2;224;192;131m▝[38;2;178;137;141;48;2;221;188;132m▗[38;2;178;138;141m▖[38;2;153;106;146;48;2;224;191;131m▘[38;2;239;208;128;48;2;161;116;144m▀[38;2;113;59;154;48;2;170;128;143m▗[38;2;149;102;147;48;2;99;40;156m▘[48;2;97;37;157m [38;2;193;173;215;48;2;104;48;161m▗[0m[7m[38;2;165;137;196m▐[0m
 [38;2;119;88;152;48;2;186;165;211m▞[38;2;136;94;180;48;2;97;37;157m▖[38;2;112;59;165m▗[38;2;133;88;179;48;2;99;41;158m▖[38;2;97;37;157;48;2;132;85;165m▘[38;2;146;98;147;48;2;103;46;160m▘[38;2;194;156;138;48;2;103;46;158m▀[48;2;111;58;162m▀[38;2;146;98;147;48;2;105;50;161m▝[38;2;104;49;161;48;2;140;95;163m▐[38;2;133;88;179;48;2;99;41;158m▗[38;2;112;60;165;48;2;97;37;157m▖[38;2;136;94;180m▗[38;2;186;165;211;48;2;119;88;152m▞[0m [0m
 [38;2;87;69;109m▝[7m[38;2;164;137;194m▖[0m[38;2;188;169;211;48;2;110;57;164m▞[38;2;174;149;202;48;2;115;64;167m▝[38;2;188;170;211;48;2;105;50;161m▀[38;2;155;123;191;48;2;139;98;182m▐[38;2;174;149;203;48;2;127;83;174m▝[38;2;124;79;173;48;2;173;147;203m▗[38;2;173;150;202;48;2;143;107;184m▀[38;2;178;155;205;48;2;108;56;163m▀[38;2;173;148;202;48;2;115;64;167m▘[38;2;110;57;164;48;2;188;168;211m▞[0m[7m[38;2;164;137;194m▗[0m[38;2;87;69;109m▘ [0m
 [38;2;0;0;0m [0m [38;2;130;109;155m▀[38;2;102;67;139;48;2;173;150;200m▞[38;2;97;37;157;48;2;163;133;196m▀[38;2;150;116;188;48;2;99;41;158m▀[38;2;133;91;178;48;2;97;37;157m▀[38;2;162;132;196m▘[38;2;152;118;189;48;2;107;53;163m▘[38;2;97;37;157;48;2;163;133;196m▀[38;2;173;150;200;48;2;102;67;139m▞[0m[38;2;130;109;155m▀[0m [38;2;18;17;19m  [0m
 [38;2;0;0;0m   [0m [38;2;90;73;110m▀[38;2;175;151;202m▀[38;2;106;71;144;48;2;156;128;186m▞[38;2;156;128;186;48;2;106;71;144m▞[0m[38;2;175;151;202m▀[38;2;90;73;110m▀[0m [38;2;13;12;13m    [0m
[?25h