[?25l[0m [38;2;0;0;0m [0m [38;2;2;2;2m   [38;2;34;30;32;48;2;77;78;78m▗[38;2;24;22;22;48;2;89;90;91m▞[0m [38;2;17;17;17m   [0m [0m
  [38;2;174;176;178m▗[38;2;171;174;175m▖[0m [38;2;0;0;0m [38;2;34;30;32m▐[38;2;67;64;65;48;2;34;30;31m▐[38;2;114;115;116;48;2;53;52;53m▞[38;2;146;148;150;48;2;44;43;44m▗[0m[7m[38;2;189;192;194m▀[0m[38;2;102;104;105;48;2;195;198;200m▀[38;2;169;172;174;48;2;188;191;193m▘[0m
 [38;2;0;0;0m [0m   [7m[38;2;148;150;152m▀[0m[38;2;194;197;199;48;2;50;47;48m▖[38;2;107;107;109;48;2;34;30;31m▐[38;2;99;98;99;48;2;36;32;33m▘[38;2;180;183;184;48;2;78;76;77m▝[38;2;166;168;170;48;2;73;71;73m▝[38;2;192;195;197;48;2;194;197;199m▖[38;2;184;187;190;48;2;195;198;200m▐[0m
[38;2;110;111;112m▗[7m[38;2;174;177;179m▀[38;2;195;198;200m▀[0m[38;2;141;143;145;48;2;191;194;196m▘[48;2;195;198;200m  [38;2;38;35;36;48;2;194;197;199m▐[38;2;106;105;107;48;2;52;48;50m▝[38;2;91;91;92;48;2;44;41;42m▗[38;2;33;29;30;48;2;76;81;86m▞[38;2;116;129;138;48;2;46;44;46m▞[38;2;128;168;192;48;2;56;57;61m▐[38;2;149;198;228;48;2;131;189;224m▘[0m
[38;2;195;198;200;48;2;173;176;178m▐[48;2;195;198;200m [38;2;193;196;198m▗[38;2;195;198;200;48;2;175;177;179m▀[38;2;175;198;212;48;2;192;197;200m▗[38;2;195;198;200;48;2;155;198;224m▀[38;2;41;42;45;48;2;165;198;218m▐[38;2;39;38;42;48;2;65;77;85m▐[38;2;37;35;37;48;2;57;71;82m▞[38;2;40;41;45;48;2;56;68;78m▖[38;2;65;84;97;48;2;37;36;38m▞[38;2;52;61;69;48;2;85;116;136m▞[38;2;130;188;222;48;2;122;175;207m▐[0m
[38;2;166;198;217;48;2;183;188;191m▗[38;2;194;198;200;48;2;146;198;229m▀[38;2;177;198;211;48;2;137;199;235m▀[38;2;157;198;223;48;2;136;195;229m▘[38;2;82;111;130;48;2;137;199;235m▀[38;2;121;174;206;48;2;70;71;81m▖[38;2;54;65;73;48;2;118;169;199m▞[38;2;34;30;31;48;2;61;76;88m▐[38;2;37;37;39;48;2;43;47;52m▖[38;2;49;58;65;48;2;62;66;70m▀[38;2;59;73;84;48;2;71;69;70m▀[38;2;47;51;56;48;2;93;92;94m▘[38;2;172;187;196;48;2;186;190;192m▘[0m
[38;2;137;199;235;48;2;129;183;215m▐[48;2;137;199;235m  [38;2;100;139;163m▗[38;2;128;185;219;48;2;40;41;45m▀[38;2;86;117;136;48;2;39;38;40m▘[38;2;132;180;209;48;2;74;81;88m▝[38;2;41;38;39;48;2;65;67;71m▐[38;2;47;45;45;48;2;66;64;65m▘[38;2;66;64;66;48;2;59;56;57m▖[38;2;98;98;99;48;2;73;71;72m▗[38;2;102;102;103;48;2;186;189;191m▘[38;2;185;187;189;48;2;195;198;200m▐[0m
[38;2;149;198;227;48;2;128;184;216m▐[38;2;137;199;235;48;2;182;198;208m▀[38;2;151;198;227;48;2;195;198;200m▀[38;2;148;156;162;48;2;187;198;205m▝[38;2;171;173;175;48;2;50;47;48m▖[48;2;34;30;31m [38;2;194;197;199;48;2;65;63;64m▗[38;2;114;114;115;48;2;195;198;200m▀[38;2;70;69;70;48;2;182;185;187m▀[38;2;101;101;102;48;2;175;178;179m▀[38;2;161;163;165;48;2;193;196;198m▘[38;2;158;160;161;48;2;189;192;194m▗[38;2;168;170;172;48;2;188;191;193m▖[0m
[38;2;183;190;195m▀[38;2;112;113;115;48;2;182;185;187m▖[38;2;192;195;197;48;2;195;198;200m▖ [38;2;194;197;199m▝[38;2;39;36;37;48;2;153;155;156m▝[38;2;190;193;195;48;2;136;137;139m▐[38;2;130;131;133;48;2;193;196;198m▗[38;2;193;196;198;48;2;122;122;123m▀[38;2;117;117;119;48;2;171;173;175m▖[38;2;105;105;106;48;2;149;151;153m▝[38;2;112;114;115;48;2;148;149;151m▗[0m[38;2;175;178;179m▀[0m
 [38;2;0;0;0m [0m [38;2;120;121;123m▀[38;2;190;193;195m▀[38;2;188;191;193;48;2;105;107;108m▀[38;2;129;130;131;48;2;167;170;171m▝[0m[7m[38;2;128;130;131m▗[0m[38;2;168;170;172m▀[38;2;118;120;121m▀[0m [38;2;52;53;54m  [0m
[?25h