[?25l[0m [38;2;0;0;0m [48;2;0;0;0m [0m[38;2;0;0;0m    [48;2;0;0;0m [0m[38;2;0;0;0m    [0m
[38;2;66;58;0;48;2;156;136;0m▗[38;2;130;113;0;48;2;0;0;0m▀[48;2;8;8;8m▀[48;2;95;95;95m▀[48;2;111;111;111m▀▀▀▀[48;2;95;95;95m▀[48;2;8;8;8m▀[48;2;0;0;0m▀[38;2;66;58;0;48;2;156;136;0m▖[0m
[7m[38;2;142;124;0m▖[0m[38;2;140;140;140;48;2;0;0;0m▐[38;2;197;197;197;48;2;252;252;252m▘[38;2;221;221;221;48;2;254;254;254m▗[38;2;254;254;254;48;2;189;189;189m▀▀▀▀[38;2;221;221;221;48;2;254;254;254m▖[38;2;197;197;197;48;2;252;252;252m▝[38;2;0;0;0;48;2;140;140;140m▐[0m[7m[38;2;142;124;0m▗[0m
[38;2;223;194;0m▐[38;2;112;112;112;48;2;33;31;19m▝[48;2;254;254;254m [38;2;166;166;166;48;2;243;243;243m▝[48;2;0;0;0m    [38;2;254;254;254;48;2;163;163;163m▝[38;2;251;251;251;48;2;45;45;45m▀[38;2;98;98;98;48;2;14;12;0m▘[0m[7m[38;2;223;194;0m▐[0m
[38;2;128;112;0m▐[38;2;3;3;3;48;2;125;109;0m▐[38;2;194;194;194;48;2;251;251;251m▖[38;2;252;252;252;48;2;254;254;254m▝[38;2;84;84;84;48;2;9;9;9m▖[48;2;0;0;0m  [38;2;75;75;75m▗[38;2;0;0;0;48;2;133;133;133m▀[38;2;31;31;31;48;2;0;0;0m▖[38;2;125;109;0m▐[0m[7m[38;2;129;112;0m▐[0m
 [38;2;9;8;0;48;2;221;193;0m▐[38;2;254;254;254;48;2;111;111;111m▐[48;2;254;254;254m [38;2;0;0;0;48;2;166;166;166m▐[48;2;0;0;0m [38;2;50;50;50m▗[38;2;0;0;0;48;2;161;161;161m▘[48;2;254;254;254m [38;2;103;103;103;48;2;253;253;253m▐[38;2;221;192;0;48;2;9;8;0m▐[0m [0m
 [38;2;181;158;0;48;2;107;93;0m▘[38;2;237;237;237;48;2;12;12;12m▐[48;2;254;254;254m [38;2;39;39;39;48;2;251;251;251m▝[38;2;132;132;132;48;2;254;254;254m▀[38;2;234;234;234m▘[38;2;205;205;205;48;2;253;253;253m▗[38;2;254;254;254;48;2;104;104;104m▀[38;2;245;245;245;48;2;11;11;11m▘[38;2;182;158;0;48;2;107;93;0m▝[0m[38;2;182;158;0m [0m
 [38;2;210;183;0m▐[38;2;136;136;136;48;2;1;1;0m▐[38;2;241;241;241;48;2;254;254;254m▗[38;2;254;254;254;48;2;144;144;144m▀[38;2;240;240;240;48;2;62;56;20m▀[38;2;123;123;123;48;2;41;36;0m▀[38;2;126;126;126;48;2;12;12;12m▐[38;2;84;84;84;48;2;152;152;152m▀[38;2;1;1;0;48;2;119;119;119m▐[0m[7m[38;2;210;183;0m▐[0m[38;2;42;36;0m [0m
 [38;2;179;156;0m▐[38;2;35;33;13;48;2;152;133;0m▀[38;2;140;122;0;48;2;70;64;22m▖[0m[38;2;130;113;0m▀[0m  [38;2;130;113;0m▀[38;2;27;23;0m▀[38;2;22;19;0;48;2;152;132;0m▀[0m[7m[38;2;179;156;0m▐[0m[38;2;0;0;0m [0m
   [38;2;41;36;0m      [0m  [38;2;39;34;0m [0m
[?25h