[?25l[0m [38;2;0;0;0m   [0m [7m[38;2;141;108;119m▀[38;2;156;86;112m▘▝[38;2;142;108;119m▀[0m [38;2;36;37;37m    [0m
 [38;2;0;0;0m [38;2;112;108;110m▗[7m[38;2;134;90;106m▘[0m[38;2;164;184;216;48;2;157;106;130m▗[38;2;156;71;109;48;2;173;157;183m▘[38;2;183;204;227;48;2;159;43;79m▀[38;2;182;204;227;48;2;159;42;79m▀[38;2;156;72;109;48;2;173;157;183m▝[38;2;164;185;216;48;2;157;106;130m▖[0m[7m[38;2;134;90;107m▝[0m[38;2;113;108;110m▖  [0m
[7m[38;2;139;116;125m▀[38;2;154;126;150m▘[0m[38;2;167;167;193;48;2;163;107;136m▖[38;2;161;171;201;48;2;169;65;95m▀[38;2;170;66;97;48;2;176;109;136m▐[38;2;151;2;47;48;2;179;73;104m▀[38;2;151;0;46;48;2;188;109;130m▀[48;2;201;138;155m▀[38;2;151;2;47;48;2;194;119;140m▀[38;2;175;107;134;48;2;169;67;96m▐[38;2;161;172;201;48;2;170;68;97m▀[38;2;167;167;193;48;2;163;107;136m▗[0m[7m[38;2;154;126;150m▝[38;2;140;117;126m▀[0m
[38;2;155;52;89;48;2;164;164;167m▐[38;2;173;96;120;48;2;164;191;221m▐[38;2;213;165;178;48;2;151;0;46m▐[38;2;209;155;170;48;2;186;97;122m▝[38;2;195;120;140;48;2;182;92;116m▞[38;2;205;137;156;48;2;177;76;104m▝[38;2;200;137;153;48;2;172;65;95m▝[38;2;212;162;175;48;2;166;43;79m▀[38;2;214;166;179;48;2;175;76;103m▀[38;2;178;82;108;48;2;191;122;139m▞[38;2;190;106;130;48;2;213;165;177m▖[38;2;151;0;46;48;2;213;165;178m▐[38;2;164;192;221;48;2;173;94;119m▐[38;2;165;165;168;48;2;155;52;90m▐[0m
[38;2;173;141;153m▐[38;2;170;182;206;48;2;153;75;113m▐[38;2;159;128;144;48;2;152;16;56m▖[48;2;151;0;46m [38;2;189;112;132;48;2;155;11;54m▝[38;2;185;100;123;48;2;154;11;54m▝[38;2;198;168;178;48;2;173;68;98m▗[38;2;166;157;187;48;2;164;47;82m▖[38;2;178;87;111;48;2;151;0;46m▀[38;2;190;120;137;48;2;153;8;52m▘[48;2;151;0;46m [38;2;159;128;143;48;2;152;16;56m▗[38;2;153;75;113;48;2;170;183;206m▐[0m[7m[38;2;174;141;153m▐[0m
 [38;2;123;77;98;48;2;181;126;143m▞[38;2;145;89;118;48;2;171;195;218m▞[38;2;150;0;46;48;2;155;88;110m▀[38;2;166;44;80;48;2;216;208;212m▀[38;2;199;187;194;48;2;166;128;150m▞[38;2;194;190;198;48;2;241;231;235m▀[38;2;159;177;206m▀[38;2;155;124;154;48;2;160;173;203m▞[38;2;165;44;80;48;2;181;195;221m▀[38;2;150;0;46;48;2;156;89;111m▀[38;2;171;195;218;48;2;145;89;118m▞[38;2;181;125;142;48;2;123;78;99m▞[0m [0m
 [38;2;124;126;128m▝[38;2;129;130;132;48;2;163;82;113m▖[38;2;150;77;116;48;2;159;180;200m▖[38;2;195;200;203;48;2;143;153;161m▀[38;2;117;146;171;48;2;191;197;200m▝[38;2;194;196;217;48;2;146;162;174m▀[48;2;120;152;181m▀[38;2;115;145;172;48;2;140;178;212m▘[38;2;142;181;216;48;2;128;148;165m▀[38;2;166;193;220;48;2;144;114;140m▞[38;2;169;75;103;48;2;140;112;132m▞[0m[38;2;126;127;129m▘ [0m
 [38;2;0;0;0m [38;2;113;115;116m▝[38;2;115;65;86;48;2;177;118;136m▞[38;2;153;30;70;48;2;157;165;196m▖[38;2;125;136;143;48;2;158;180;201m▀[38;2;189;175;182;48;2;101;113;122m▀[38;2;146;158;192;48;2;92;110;125m▀[38;2;109;129;147;48;2;158;180;201m▀[38;2;153;30;70;48;2;157;166;196m▗[38;2;177;117;135;48;2;115;66;87m▞[0m[38;2;114;115;117m▘  [0m
 [38;2;0;0;0m  [0m [7m[38;2;144;102;116m▖[0m[38;2;164;184;217;48;2;161;76;108m▝[38;2;155;139;161;48;2;187;207;229m▞[38;2;187;207;229;48;2;155;139;161m▞[38;2;164;185;217;48;2;161;75;108m▘[0m[7m[38;2;144;102;116m▗[0m [38;2;38;39;39m   [0m
 [38;2;0;0;0m    [38;2;140;132;136m▝[38;2;100;41;61;48;2;159;112;128m▞[38;2;159;112;127;48;2;100;41;62m▞[0m[38;2;142;132;137m▘[0m [38;2;20;0;6m    [0m
[?25h