[?25l[0m [38;2;0;0;0m     [38;2;138;103;8m▗[7m[38;2;202;162;22m▘[38;2;210;177;16m▝[0m[38;2;147;121;1m▖      [0m
 [38;2;0;0;0m  [0m [7m[38;2;188;143;9m▀[38;2;181;156;39m▘[0m[38;2;220;182;31;48;2;29;85;122m▀[38;2;85;129;117;48;2;0;49;107m▘[48;2;0;50;108m▝[38;2;226;195;25;48;2;29;85;122m▀[0m[7m[38;2;187;168;35m▝[38;2;197;162;2m▀[0m [38;2;89;73;0m   [0m
[7m[38;2;240;194;5m▀[38;2;157;161;78m▀[0m[38;2;192;148;9;48;2;74;114;112m▀[38;2;218;183;37;48;2;3;61;118m▀[38;2;101;133;104;48;2;0;36;94m▀[38;2;4;68;125;48;2;0;39;97m▘[38;2;45;86;117;48;2;0;40;98m▗[38;2;238;215;163;48;2;65;97;114m▗[38;2;36;79;112;48;2;190;193;141m▀[38;2;49;92;117;48;2;1;40;98m▖[38;2;4;68;125;48;2;0;40;98m▝[38;2;101;133;104;48;2;0;36;94m▀[38;2;223;194;32;48;2;3;61;118m▀[38;2;200;165;2;48;2;74;114;112m▀[0m[7m[38;2;158;164;77m▀[38;2;236;185;9m▀[0m
[38;2;134;110;1;48;2;235;194;2m▖[38;2;0;57;116;48;2;102;142;110m▐[48;2;0;34;92m  [38;2;0;34;92;48;2;81;100;139m▀[38;2;1;47;105;48;2;0;34;92m▀[38;2;66;100;115m▀[38;2;216;213;166;48;2;52;92;114m▀[38;2;211;203;169;48;2;50;88;115m▀[38;2;22;57;102;48;2;78;103;126m▞[38;2;68;90;132;48;2;2;44;102m▖[38;2;0;35;93;48;2;0;34;92m▘  [38;2;102;142;110;48;2;0;57;116m▐[38;2;157;117;9;48;2;247;195;8m▐[0m
[38;2;216;178;2m▐[38;2;51;115;132;48;2;239;201;17m▐[38;2;0;55;114;48;2;0;34;92m▖ [38;2;222;224;235;48;2;225;227;235m▐[48;2;0;34;92m  [38;2;3;51;109m▝[38;2;108;124;158;48;2;1;41;98m▗[38;2;234;235;242;48;2;130;143;173m▞[38;2;130;143;173;48;2;239;240;245m▞[38;2;116;131;164;48;2;1;34;92m▖[48;2;0;34;92m [38;2;0;55;114m▗[38;2;235;195;20;48;2;51;115;132m▐[0m[7m[38;2;204;153;12m▐[0m
 [7m[38;2;243;203;10m▖[0m[38;2;174;171;68;48;2;5;71;126m▖[48;2;0;34;92m [38;2;200;204;218;48;2;226;228;236m▖[38;2;0;34;92;48;2;182;189;207m▀▀[38;2;90;109;148;48;2;11;43;99m▖[38;2;67;90;133;48;2;216;218;229m▘[38;2;194;200;215;48;2;41;67;116m▀[38;2;139;151;178;48;2;29;57;108m▀[38;2;76;97;138;48;2;217;220;230m▝[38;2;45;70;118;48;2;0;34;92m▖[38;2;173;171;68;48;2;5;71;126m▗[0m[7m[38;2;235;186;17m▗[0m [0m
 [38;2;167;137;1m▝[38;2;133;154;94;48;2;236;194;3m▝[38;2;0;51;109;48;2;127;138;84m▀[38;2;22;51;103;48;2;131;121;56m▀[38;2;35;62;111;48;2;144;130;55m▀[48;2;171;151;38m▀[38;2;21;50;103;48;2;177;155;33m▀[38;2;26;54;106;48;2;155;139;43m▀[38;2;0;34;92;48;2;177;155;36m▀[48;2;134;123;61m▀[38;2;26;54;106;48;2;137;125;53m▀[38;2;11;60;116;48;2;130;140;82m▀[38;2;133;154;94;48;2;229;179;9m▘[0m[38;2;158;117;9m▘ [0m
 [38;2;158;130;1m▝[7m[38;2;235;192;3m▖[0m[38;2;156;130;35;48;2;233;186;14m▞[38;2;244;197;11;48;2;149;140;74m▞[38;2;172;149;41;48;2;96;99;77m▀[38;2;208;173;26;48;2;64;72;73m▀[38;2;210;173;28;48;2;55;67;78m▀[38;2;194;161;36;48;2;55;66;78m▀[38;2;213;176;25;48;2;62;71;73m▀[38;2;172;147;45;48;2;95;98;78m▀[38;2;159;154;86;48;2;237;193;14m▖[38;2;241;191;11;48;2;156;130;33m▞[0m[7m[38;2;231;184;6m▗[0m[38;2;151;116;7m▘ [0m
 [38;2;0;0;0m  [0m [38;2;228;188;6m▀[38;2;20;87;135;48;2;205;183;35m▝[38;2;138;157;89;48;2;10;58;109m▖[38;2;0;55;114;48;2;0;34;92m▖▗[38;2;138;156;89;48;2;10;58;109m▗[38;2;20;87;135;48;2;199;171;40m▘[0m[38;2;219;170;13m▀[0m  [38;2;0;7;20m  [0m
 [38;2;0;0;0m    [0m [38;2;230;190;5m▀[38;2;99;137;108;48;2;178;154;20m▝[48;2;171;140;26m▘[0m[38;2;221;170;13m▀[0m [38;2;97;72;5m     [0m
[?25h