[?25l[0m[38;2;169;136;92;48;2;67;54;35m▐[38;2;143;115;77;48;2;38;30;20m▀[48;2;22;18;11m▀▀▀▀▀▀▀▀▀▀▀[48;2;38;31;20m▀[38;2;66;53;35;48;2;169;136;92m▐[0m
[38;2;195;157;107;48;2;59;48;31m▐[38;2;0;0;0;48;2;36;29;20m▐[38;2;4;3;1;48;2;0;0;0m▗[38;2;19;15;10;48;2;94;76;51m▀[38;2;32;26;17;48;2;87;70;47m▀[38;2;112;90;61;48;2;24;19;12m▖[38;2;16;13;8;48;2;104;84;57m▀[38;2;17;14;9;48;2;99;80;54m▀[38;2;34;27;19;48;2;94;76;51m▀[38;2;37;30;20;48;2;103;83;56m▀[38;2;121;98;66;48;2;27;21;14m▗[38;2;34;27;18;48;2;94;75;51m▀[48;2;0;0;0m [38;2;37;30;20m▐[38;2;58;46;30;48;2;195;157;108m▐[0m
[38;2;195;157;107;48;2;59;48;31m▐[38;2;0;0;0;48;2;36;29;20m▐[38;2;6;4;2;48;2;0;0;0m▗[38;2;15;12;8;48;2;171;138;94m▀[38;2;69;55;37;48;2;0;0;0m▖[38;2;185;149;102;48;2;15;12;8m▗[38;2;96;77;52;48;2;3;2;1m▖[48;2;0;0;0m  [38;2;106;85;58;48;2;10;8;5m▗[38;2;7;5;3;48;2;178;143;98m▀[38;2;51;41;27;48;2;193;155;106m▀[38;2;6;4;2;48;2;0;0;0m▖[38;2;37;29;20m▐[38;2;58;47;31;48;2;195;157;108m▐[0m
[38;2;195;157;107;48;2;59;48;31m▐[38;2;0;0;0;48;2;36;29;20m▐[38;2;6;4;2;48;2;0;0;0m▐[38;2;194;156;107;48;2;193;155;107m▐[38;2;0;0;0;48;2;167;134;91m▐[38;2;80;64;43;48;2;10;8;5m▝[38;2;152;122;84;48;2;169;136;93m▖[38;2;42;33;23;48;2;167;134;92m▀[38;2;19;15;10;48;2;127;102;69m▘[38;2;89;71;48;48;2;191;153;105m▗[38;2;10;7;5;48;2;179;144;99m▖[38;2;193;155;106;48;2;194;156;107m▐[38;2;0;0;0;48;2;6;4;2m▐[38;2;36;29;20;48;2;0;0;0m▐[38;2;58;47;31;48;2;195;157;108m▐[0m
[38;2;195;157;107;48;2;59;48;31m▐[38;2;0;0;0;48;2;36;29;20m▐[38;2;6;4;2;48;2;0;0;0m▐[38;2;194;156;107;48;2;193;155;107m▐[38;2;0;0;0;48;2;167;134;91m▐[48;2;0;0;0m [48;2;118;95;65m▖[38;2;168;135;92;48;2;176;142;97m▝[38;2;148;119;81;48;2;177;142;97m▝[38;2;33;27;18;48;2;156;126;86m▀[38;2;166;134;91;48;2;17;13;9m▐[38;2;193;155;106;48;2;194;156;107m▐[38;2;0;0;0;48;2;6;4;2m▐[38;2;36;29;20;48;2;0;0;0m▐[38;2;59;47;31;48;2;195;157;108m▐[0m
[38;2;195;157;107;48;2;60;48;32m▐[38;2;0;0;0;48;2;36;29;20m▐[38;2;6;4;2;48;2;0;0;0m▐[38;2;194;156;107;48;2;193;155;107m▐[38;2;0;0;0;48;2;167;134;91m▐[48;2;0;0;0m  [38;2;163;131;89;48;2;60;48;32m▐[38;2;173;139;95;48;2;103;83;56m▞[38;2;180;145;99;48;2;44;36;24m▀[38;2;117;94;64;48;2;188;151;104m▖[38;2;193;155;106;48;2;194;156;107m▐[38;2;0;0;0;48;2;6;4;2m▐[38;2;36;29;19;48;2;0;0;0m▐[38;2;59;47;31;48;2;195;157;108m▐[0m
[38;2;195;157;108;48;2;60;48;32m▐[38;2;0;0;0;48;2;36;29;20m▐[38;2;4;3;1;48;2;0;0;0m▐[38;2;193;155;107;48;2;98;78;53m▀[38;2;185;149;102;48;2;98;79;53m▀[38;2;180;145;99m▀[38;2;179;144;98m▀[38;2;185;149;101;48;2;49;39;26m▝[38;2;171;138;94;48;2;98;79;53m▀[38;2;27;22;15;48;2;0;0;0m▖[38;2;125;100;68m▐[38;2;193;155;106;48;2;98;78;53m▀[38;2;0;0;0;48;2;4;3;1m▐[38;2;36;29;19;48;2;0;0;0m▐[38;2;60;48;32;48;2;195;157;108m▐[0m
[38;2;187;151;103;48;2;56;45;30m▐[38;2;0;0;0;48;2;51;41;28m▐[38;2;2;1;0;48;2;0;0;0m▐[38;2;51;41;27;48;2;64;51;35m▐[38;2;57;46;31;48;2;54;43;29m▗[38;2;66;54;36;48;2;49;40;26m▝[38;2;29;23;15;48;2;62;50;34m▝[38;2;36;29;19;48;2;66;53;36m▀[38;2;0;0;0;48;2;39;32;21m▝[38;2;41;33;22;48;2;49;39;26m▘[38;2;35;28;19;48;2;59;47;32m▀[38;2;63;50;34;48;2;73;59;39m▀[48;2;0;0;0m [38;2;52;41;28m▐[38;2;56;45;30;48;2;187;150;103m▐[0m
[38;2;85;68;46m▝[38;2;167;134;91;48;2;77;61;41m▘[38;2;14;11;7;48;2;133;107;73m▀[38;2;0;0;0;48;2;130;104;71m▀[48;2;109;88;60m▀[48;2;75;61;41m▀[38;2;35;28;19;48;2;0;0;0m▖ ▗[38;2;0;0;0;48;2;75;61;41m▀[48;2;109;88;60m▀[48;2;130;104;71m▀[38;2;14;11;7;48;2;133;107;73m▀[38;2;167;134;91;48;2;77;61;41m▝[0m[38;2;84;68;45m▘[0m
 [38;2;0;0;0m [0m  [38;2;51;41;27m▀[38;2;84;68;46m▀[38;2;137;110;75m▀[38;2;123;99;67;48;2;75;60;40m▀[0m[38;2;137;110;74m▀[38;2;84;68;46m▀[38;2;51;41;27m▀[0m  [38;2;27;22;15m  [0m
[?25h