[?25l[0m [38;2;0;0;0m [0m [7m[38;2;195;189;53m▀[0m[38;2;173;168;51;48;2;235;230;55m▀[38;2;190;185;54;48;2;224;219;54m▀[48;2;233;228;54m▀[48;2;234;229;55m▀[48;2;223;218;54m▀[38;2;173;168;51;48;2;235;230;55m▀[0m[7m[38;2;195;189;53m▀[0m [38;2;0;0;0m  [0m
[7m[38;2;135;130;41m▀[0m[38;2;110;106;33;48;2;218;213;54m▀[38;2;185;180;54;48;2;233;228;54m▘[38;2;67;55;53;48;2;222;216;54m▗[38;2;207;202;54;48;2;235;230;55m▖[38;2;22;8;53;48;2;190;183;54m▝[38;2;227;222;54;48;2;58;46;53m▝[38;2;222;217;54;48;2;232;227;54m▐[38;2;56;44;53;48;2;17;2;53m▐[38;2;207;202;54;48;2;235;230;55m▗[38;2;67;55;53;48;2;222;216;54m▖[38;2;185;180;54;48;2;233;228;54m▝[38;2;110;106;33;48;2;218;213;54m▀[0m[7m[38;2;135;130;41m▀[0m
[38;2;234;229;55;48;2;138;131;53m▐[38;2;217;212;54;48;2;235;230;55m▐[38;2;59;47;53;48;2;208;202;54m▖[38;2;17;2;53;48;2;185;177;54m▐[38;2;235;230;55;48;2;199;194;54m▐[38;2;58;46;53;48;2;190;184;54m▖[38;2;18;3;53;48;2;175;168;54m▝[38;2;220;215;54;48;2;66;54;53m▝[38;2;56;44;53;48;2;17;2;53m▐[38;2;199;194;54;48;2;235;230;55m▐[38;2;185;177;54;48;2;17;2;53m▐[38;2;60;47;53;48;2;208;202;54m▗[38;2;235;230;55;48;2;217;212;54m▐[38;2;139;131;53;48;2;234;229;55m▐[0m
[38;2;234;229;55;48;2;138;131;53m▐[38;2;211;206;54;48;2;235;230;55m▐[38;2;235;230;55;48;2;59;47;53m▐[38;2;17;2;53;48;2;185;177;54m▐[38;2;235;230;55;48;2;199;194;54m▐[38;2;19;4;53;48;2;57;44;53m▐[38;2;24;9;53;48;2;193;187;54m▖[38;2;234;229;55;48;2;88;77;53m▖[38;2;56;44;53;48;2;17;2;53m▐[38;2;199;194;54;48;2;235;230;55m▐[38;2;185;177;54;48;2;17;2;53m▐[38;2;60;47;53;48;2;235;230;55m▐[38;2;235;230;55;48;2;211;206;54m▐[38;2;139;131;53;48;2;234;229;55m▐[0m
[38;2;234;229;55;48;2;138;131;53m▐[38;2;214;209;54;48;2;235;230;55m▐[38;2;235;230;55;48;2;83;72;53m▐[38;2;17;2;53;48;2;185;177;54m▐[38;2;235;230;55;48;2;199;194;54m▐[38;2;17;2;53;48;2;57;44;53m▐[38;2;204;199;54;48;2;42;29;53m▖[38;2;32;18;53;48;2;204;198;54m▖[38;2;232;227;54;48;2;98;87;53m▖[38;2;199;194;54;48;2;235;230;55m▐[38;2;185;177;54;48;2;17;2;53m▐[38;2;83;72;53;48;2;235;230;55m▐[38;2;235;230;55;48;2;214;209;54m▐[38;2;139;131;53;48;2;234;229;55m▐[0m
[38;2;234;229;55;48;2;138;131;53m▐[48;2;235;230;55m  [38;2;17;2;53;48;2;215;209;54m▝[38;2;199;194;54;48;2;234;229;54m▘[38;2;17;2;53;48;2;57;44;53m▐[38;2;235;230;55;48;2;219;213;54m▗[38;2;206;200;54;48;2;41;27;53m▖[38;2;42;29;53;48;2;214;209;54m▖[38;2;199;194;54;48;2;234;229;54m▝[38;2;17;2;53;48;2;215;209;54m▘[48;2;235;230;55m  [38;2;139;131;53;48;2;234;229;55m▐[0m
[38;2;234;229;55;48;2;138;131;53m▐[48;2;235;230;55m [38;2;146;137;53;48;2;229;224;54m▗[38;2;152;144;54;48;2;227;222;54m▖[38;2;121;113;53;48;2;228;223;54m▖[38;2;142;135;53;48;2;173;166;54m▖[38;2;232;227;54;48;2;152;144;53m▀[38;2;221;215;54;48;2;178;171;54m▀[38;2;189;182;54;48;2;161;153;54m▞[38;2;155;148;53;48;2;234;229;55m▖[38;2;156;149;53;48;2;224;219;54m▖[38;2;154;147;53;48;2;232;227;54m▖[48;2;235;230;55m [38;2;139;131;53;48;2;234;229;55m▐[0m
[38;2;234;229;55;48;2;138;131;53m▐[48;2;235;230;55m [38;2;70;60;53;48;2;208;203;54m▝[38;2;73;62;53;48;2;168;160;54m▘[38;2;85;75;53;48;2;197;191;54m▘[38;2;120;112;53;48;2;174;167;54m▘[38;2;91;81;53;48;2;174;168;54m▀[38;2;113;104;53;48;2;205;199;54m▐[38;2;111;101;53;48;2;207;201;54m▝[38;2;113;104;53;48;2;205;199;54m▘[38;2;114;106;53;48;2;183;177;54m▘[38;2;228;223;54;48;2;138;130;53m▐[48;2;235;230;55m [38;2;139;131;53;48;2;234;229;55m▐[0m
[38;2;135;130;41m▀[38;2;218;213;54;48;2;110;106;33m▀[38;2;185;180;54;48;2;233;228;54m▖[48;2;235;230;55m  [38;2;232;226;54m▐[38;2;157;150;53;48;2;103;93;53m▝[38;2;140;132;53;48;2;109;100;53m▐[38;2;235;230;55;48;2;232;227;54m▐[48;2;235;230;55m  [38;2;185;180;54;48;2;233;228;54m▗[38;2;218;213;54;48;2;110;106;33m▀[0m[38;2;135;130;41m▀[0m
 [38;2;0;0;0m [0m [38;2;195;189;53m▀[38;2;235;230;55;48;2;173;168;51m▀[48;2;190;185;54m▀[38;2;227;222;54m▀▀[38;2;235;230;55m▀[48;2;173;168;51m▀[0m[38;2;195;189;53m▀[0m [38;2;80;78;24m  [0m
[?25h