[?25l[0m[38;2;0;59;20;48;2;0;138;49m▐[38;2;0;40;14;48;2;0;107;37m▗[38;2;0;103;36;48;2;7;48;22m▀[48;2;9;50;24m▀[48;2;7;47;21m▀[48;2;6;46;20m▀[48;2;1;42;16m▀[48;2;15;56;30m▀[48;2;3;44;18m▀[48;2;16;56;30m▀[48;2;8;48;22m▀[48;2;5;46;20m▀[48;2;7;48;22m▀[48;2;7;47;21m▀[38;2;0;40;14;48;2;0;107;37m▖[38;2;0;138;49;48;2;0;59;20m▐[0m
[38;2;0;39;14;48;2;0;129;46m▐[38;2;0;0;0;48;2;0;96;34m▐[38;2;173;173;173;48;2;117;117;117m▐[38;2;172;172;172;48;2;142;142;142m▐[38;2;230;230;230;48;2;11;11;11m▐[38;2;197;197;197;48;2;20;20;20m▐[38;2;135;135;135;48;2;52;52;52m▝[38;2;123;123;123;48;2;171;171;171m▖[38;2;22;22;22;48;2;115;115;115m▐[38;2;60;60;60;48;2;168;168;168m▖[38;2;0;0;0;48;2;60;60;60m▖[48;2;189;189;189m▐[38;2;48;48;48;48;2;212;212;212m▗[38;2;204;204;204;48;2;126;126;126m▖[38;2;0;96;34;48;2;0;0;0m▐[38;2;0;129;46;48;2;0;39;14m▐[0m
[38;2;0;39;14;48;2;0;129;46m▐[38;2;0;0;0;48;2;0;99;35m▝[38;2;35;35;35;48;2;0;72;25m▀▀[38;2;0;0;0;48;2;20;69;37m▘[38;2;72;72;72;48;2;0;72;25m▀[38;2;15;15;15m▀[38;2;76;76;76m▀[38;2;14;14;14m▀[38;2;34;34;34m▀[38;2;6;6;6m▀[38;2;0;0;0;48;2;19;67;36m▝[38;2;68;68;68;48;2;0;48;17m▘[38;2;34;34;34;48;2;0;72;25m▀[38;2;0;0;0;48;2;0;99;35m▘[38;2;0;129;46;48;2;0;39;14m▐[0m
[38;2;0;39;14;48;2;0;129;46m▐[38;2;0;0;0;48;2;0;96;34m▐[48;2;0;0;0m [38;2;0;58;20;48;2;0;4;0m▗[38;2;0;0;0;48;2;0;91;32m▀[38;2;0;104;36;48;2;0;9;2m▗[38;2;0;154;55;48;2;0;56;18m▗[38;2;0;51;17;48;2;0;117;41m▐[38;2;0;117;41;48;2;0;51;17m▐[38;2;0;154;55;48;2;0;56;18m▖[38;2;0;105;36;48;2;0;9;2m▖[38;2;0;0;0;48;2;0;91;32m▀[38;2;0;58;20;48;2;0;4;0m▖[48;2;0;0;0m [38;2;0;96;34m▐[38;2;0;129;46;48;2;0;39;14m▐[0m
[38;2;0;39;14;48;2;0;129;46m▐[38;2;0;0;0;48;2;0;96;34m▐[38;2;0;106;37;48;2;0;9;2m▗[38;2;0;86;29;48;2;0;118;41m▀[38;2;0;13;4;48;2;0;121;42m▘[38;2;0;79;27;48;2;0;105;36m▐[38;2;0;119;41;48;2;0;73;24m▝[38;2;0;145;52;48;2;0;69;23m▘[38;2;0;146;52;48;2;0;63;21m▞[38;2;0;119;41;48;2;0;73;24m▘[38;2;0;105;36;48;2;0;79;27m▐[38;2;0;13;4;48;2;0;121;42m▝[38;2;0;86;29;48;2;0;118;41m▀[38;2;0;106;37;48;2;0;9;2m▖[38;2;0;96;34;48;2;0;0;0m▐[38;2;0;129;46;48;2;0;39;14m▐[0m
[38;2;0;39;14;48;2;0;129;46m▐[38;2;0;0;0;48;2;0;96;34m▐[38;2;0;12;4;48;2;0;79;27m▀[38;2;0;138;49;48;2;0;53;18m▗[38;2;0;55;19;48;2;0;101;35m▝[38;2;0;161;57;48;2;0;118;41m▗[38;2;0;64;21;48;2;0;145;50m▀[38;2;0;44;14;48;2;0;144;51m▘[38;2;0;54;18;48;2;0;130;46m▀[38;2;0;64;22;48;2;0;145;50m▀[38;2;0;161;57;48;2;0;118;41m▖[38;2;0;55;19;48;2;0;101;35m▘[38;2;0;138;49;48;2;0;53;18m▖[38;2;0;12;4;48;2;0;79;27m▀[38;2;0;96;34;48;2;0;0;0m▐[38;2;0;129;46;48;2;0;39;14m▐[0m
[38;2;0;25;8;48;2;0;130;46m▐[38;2;0;4;1;48;2;0;120;42m▐[38;2;0;108;38;48;2;0;0;0m▀[38;2;0;112;39m▀[38;2;0;24;8;48;2;0;119;42m▞[38;2;0;5;1;48;2;0;92;32m▀[38;2;0;1;0;48;2;0;0;0m▝[38;2;0;127;45;48;2;0;120;42m▖▗[38;2;0;1;0;48;2;0;0;0m▘[38;2;0;5;1;48;2;0;97;34m▀[38;2;0;0;0;48;2;0;69;24m▗[38;2;0;112;39;48;2;0;0;0m▀[38;2;0;108;38m▀[38;2;0;120;42;48;2;0;4;1m▐[38;2;0;130;46;48;2;0;25;8m▐[0m
[7m[38;2;0;77;27m▖[0m[38;2;0;63;22;48;2;0;90;31m▞[38;2;0;71;24;48;2;0;0;0m▖ [38;2;0;108;37;48;2;0;19;6m▝[38;2;0;29;10;48;2;0;86;30m▀[38;2;0;5;1;48;2;0;123;43m▘[38;2;0;110;39;48;2;0;158;57m▐[38;2;0;158;57;48;2;0;110;39m▐[38;2;0;5;1;48;2;0;123;43m▝[38;2;0;96;33;48;2;0;66;22m▞[38;2;0;68;23;48;2;0;19;6m▘[48;2;0;0;0m [38;2;0;71;24m▗[38;2;0;90;31;48;2;0;63;22m▞[0m[7m[38;2;0;77;27m▗[0m
 [38;2;0;80;28m▀[38;2;0;152;54;48;2;0;79;27m▝[38;2;0;80;27;48;2;0;160;57m▖[38;2;0;176;64;48;2;0;72;24m▀[38;2;0;135;48;48;2;0;6;2m▀[38;2;0;175;63;48;2;0;68;23m▗[38;2;0;37;12;48;2;0;171;61m▐[38;2;0;171;61;48;2;0;37;12m▐[38;2;0;175;63;48;2;0;68;23m▖[38;2;0;135;48;48;2;0;6;2m▀[38;2;0;176;64;48;2;0;72;24m▀[38;2;0;80;27;48;2;0;160;57m▗[38;2;0;152;54;48;2;0;79;27m▘[0m[38;2;0;80;28m▀ [0m
 [38;2;0;0;0m [0m [38;2;0;79;27m▀[7m[38;2;0;76;26m▖[0m[38;2;0;138;48;48;2;0;76;26m▝[38;2;0;172;62;48;2;0;72;24m▀[38;2;0;41;14;48;2;0;105;36m▝▘[38;2;0;172;62;48;2;0;72;24m▀[38;2;0;138;48;48;2;0;76;26m▘[0m[7m[38;2;0;76;26m▗[0m[38;2;0;79;27m▀[0m [38;2;0;21;7m  [0m
[?25h