[?25l[0m [38;2;0;0;0m  [0m [7m[38;2;0;14;49m▀[38;2;0;20;68m▀[0m[38;2;0;15;52;48;2;0;20;68m▀[38;2;0;18;64m▀▀[38;2;0;15;52m▀[38;2;153;19;79;48;2;0;11;39m▗[0m[38;2;105;17;69m▖[0m [38;2;0;4;14m   [0m
[7m[38;2;0;19;65m▀[38;2;0;20;68m▀[0m[38;2;0;11;38;48;2;0;20;68m▀[38;2;0;18;61m▘ [38;2;20;20;69m▗[38;2;0;20;68;48;2;146;19;79m▀[38;2;11;20;68;48;2;230;19;87m▀[38;2;20;20;68;48;2;234;19;87m▀[38;2;0;20;68;48;2;184;19;82m▀[38;2;200;19;83;48;2;37;19;70m▐[38;2;232;19;87;48;2;235;19;88m▝[38;2;115;17;70;48;2;217;19;86m▝[38;2;42;11;41;48;2;234;19;87m▀[0m[7m[38;2;217;19;85m▀[0m[38;2;189;19;83m▖[0m
[38;2;0;20;68;48;2;0;18;64m▐[48;2;0;20;68m   [38;2;182;19;82;48;2;10;20;68m▗[38;2;119;19;77;48;2;230;19;87m▘[38;2;209;19;85;48;2;50;19;71m▀[38;2;78;19;73;48;2;8;20;68m▘[38;2;40;20;70;48;2;2;20;68m▝[38;2;166;19;81;48;2;10;20;68m▀[38;2;170;19;81;48;2;234;19;87m▖[38;2;236;40;101;48;2;247;173;195m▘[38;2;243;126;162;48;2;245;158;183m▖[38;2;253;252;252;48;2;237;50;108m▖[48;2;235;19;88m [38;2;41;19;68m▐[0m
[38;2;18;20;68;48;2;0;19;65m▗[38;2;0;20;68;48;2;65;19;72m▀[38;2;73;19;73;48;2;0;20;68m▖[38;2;218;19;86;48;2;30;19;70m▗[38;2;235;19;88;48;2;208;19;85m▞[38;2;221;19;86;48;2;38;19;70m▘[38;2;0;20;68;48;2;149;19;79m▀[48;2;153;19;79m▀[48;2;122;19;77m▀[48;2;94;19;75m▀[38;2;206;19;84;48;2;28;19;70m▐[38;2;238;66;117;48;2;248;190;206m▖[38;2;243;130;163;48;2;237;48;106m▐[38;2;235;35;97;48;2;248;198;211m▐[38;2;244;153;178;48;2;242;125;157m▐[38;2;41;19;68;48;2;235;19;87m▐[0m
[38;2;218;19;85;48;2;43;19;68m▝[38;2;163;19;81;48;2;26;19;69m▀[38;2;231;19;87;48;2;61;19;72m▗[38;2;177;19;82;48;2;232;19;87m▗[38;2;195;19;83;48;2;25;19;69m▘[38;2;13;19;68;48;2;165;19;81m▀[38;2;63;19;72;48;2;168;19;81m▀[38;2;79;19;73;48;2;162;19;80m▀[38;2;102;19;75;48;2;139;19;78m▀[38;2;151;19;79;48;2;107;19;76m▝[38;2;55;19;72;48;2;200;19;84m▖[38;2;248;199;213;48;2;235;19;88m▀[38;2;252;245;246;48;2;237;60;115m▀[38;2;236;42;100;48;2;252;237;240m▐[38;2;243;147;170;48;2;237;56;111m▖[38;2;41;19;68;48;2;235;19;88m▐[0m
[38;2;128;19;77;48;2;10;19;66m▝[38;2;5;20;68;48;2;160;19;80m▘[38;2;132;19;78;48;2;234;19;87m▗[38;2;159;19;80;48;2;24;19;69m▘[38;2;44;19;71;48;2;218;19;86m▘[38;2;228;19;87;48;2;51;19;71m▘[38;2;52;20;72;48;2;175;19;82m▘[38;2;14;20;68;48;2;202;19;84m▗[38;2;98;19;75;48;2;0;20;68m▀[38;2;136;19;78m▀[38;2;0;20;68;48;2;200;19;84m▖[38;2;248;197;211;48;2;235;33;95m▀[38;2;252;244;245;48;2;238;78;125m▀[38;2;236;43;101;48;2;253;251;251m▐[38;2;239;93;135;48;2;244;152;176m▗[38;2;41;19;68;48;2;235;19;87m▐[0m
[38;2;174;19;81;48;2;0;15;53m▐[38;2;86;19;74;48;2;233;19;87m▗[38;2;0;20;68;48;2;106;19;75m▞[38;2;77;19;73;48;2;220;19;86m▘[38;2;211;19;85;48;2;30;19;69m▘[38;2;8;20;68;48;2;191;19;83m▘[38;2;2;20;68;48;2;173;19;81m▗[38;2;7;20;68;48;2;0;20;68m▘  [38;2;200;19;83m▐[38;2;235;19;88;48;2;245;153;180m▀[38;2;236;47;106;48;2;251;226;232m▀[38;2;235;34;96;48;2;246;163;186m▐[38;2;247;195;205;48;2;243;143;168m▝[38;2;13;15;54;48;2;216;19;85m▐[0m
[38;2;65;19;70m▝[38;2;0;19;66;48;2;101;19;75m▞[38;2;234;19;87;48;2;145;19;79m▞[38;2;182;19;82;48;2;26;19;69m▘[38;2;30;19;70;48;2;213;19;85m▘[38;2;232;19;87;48;2;59;19;72m▘[48;2;0;20;68m    [38;2;200;19;83m▐[38;2;238;72;123;48;2;235;19;88m▀[38;2;249;207;218;48;2;237;48;107m▝[38;2;250;211;221;48;2;236;50;107m▘[38;2;87;18;71;48;2;232;19;87m▗[0m[38;2;67;19;70m▘[0m
 [38;2;41;15;54m▝[38;2;119;19;77;48;2;3;13;44m▘[38;2;208;19;84;48;2;103;19;75m▐[38;2;217;19;86;48;2;30;19;70m▘[48;2;0;20;68m [38;2;100;110;135;48;2;13;32;77m▗[38;2;57;71;105;48;2;122;130;150m▀[38;2;118;126;147;48;2;63;77;110m▖[38;2;85;96;124;48;2;10;29;74m▖[38;2;200;19;83;48;2;0;20;68m▐[48;2;235;19;88m [38;2;143;19;78;48;2;230;19;87m▗[0m[38;2;204;19;84m▀[38;2;41;15;54m▘ [0m
 [38;2;0;0;0m  [0m [38;2;0;15;53m▀[38;2;0;20;68m▀[48;2;0;11;38m▀[38;2;0;15;53;48;2;0;19;66m▖▗[38;2;0;20;68;48;2;0;11;38m▀[0m[38;2;141;19;78m▝[38;2;89;15;60m▀[0m [38;2;4;7;26m   [0m
[?25h