[?25l[0m[7m[38;2;65;59;48m▀[38;2;61;55;46m▀[38;2;87;79;62m▀[0m[38;2;84;76;61;48;2;41;37;32m▖[38;2;50;45;37;48;2;134;121;97m▀[38;2;51;46;39;48;2;144;130;107m▀[38;2;60;55;46;48;2;151;136;116m▀[38;2;70;64;53;48;2;171;154;133m▀[38;2;67;60;51;48;2;175;157;136m▀[38;2;62;56;48;48;2;146;131;112m▀[38;2;51;46;39;48;2;163;147;122m▀[38;2;50;45;37;48;2;133;120;98m▀[38;2;114;103;84;48;2;53;48;40m▖[0m[7m[38;2;88;80;64m▀[38;2;61;56;46m▀[38;2;65;59;47m▀[0m
[38;2;33;30;30;48;2;74;67;53m▐[38;2;90;82;63;48;2;136;23;27m▀[38;2;57;52;44;48;2;175;22;26m▀[38;2;59;53;46;48;2;204;20;26m▀[38;2;81;50;46;48;2;211;20;27m▀[38;2;81;37;36;48;2;213;21;27m▀[38;2;81;28;30;48;2;214;21;28m▀[38;2;95;28;30;48;2;161;52;55m▀[38;2;146;108;109;48;2;94;42;43m▖[38;2;39;33;33;48;2;83;40;41m▖[38;2;68;37;36;48;2;119;90;91m▀[38;2;115;27;30;48;2;51;44;40m▗[38;2;66;59;50;48;2;211;25;31m▀[38;2;65;59;49;48;2;36;33;32m▝[38;2;88;80;62;48;2;140;27;31m▀[38;2;73;67;52;48;2;33;30;30m▐[0m
[38;2;33;30;30;48;2;74;67;53m▐[38;2;201;18;23;48;2;194;17;22m▝[38;2;202;18;24;48;2;197;17;22m▀[38;2;204;19;24;48;2;199;17;23m▀[38;2;206;19;25;48;2;201;18;23m▀[38;2;208;20;25;48;2;203;18;24m▀[38;2;188;21;27;48;2;62;34;35m▘[38;2;254;254;254;48;2;221;220;220m▐[38;2;147;145;145;48;2;243;243;243m▗[38;2;252;252;252;48;2;100;98;98m▀[38;2;202;202;202;48;2;253;253;253m▖[38;2;67;54;54;48;2;240;240;240m▐[38;2;42;29;30;48;2;188;24;29m▖[48;2;33;30;30m [38;2;217;24;30;48;2;191;24;30m▐[38;2;73;67;52;48;2;33;30;30m▐[0m
[38;2;33;30;30;48;2;72;66;52m▐[38;2;170;16;20;48;2;187;15;19m▖[38;2;192;16;20;48;2;187;14;19m▀[38;2;194;16;21;48;2;189;15;19m▀[38;2;196;17;22;48;2;191;15;20m▀[38;2;197;17;22;48;2;193;16;21m▀[38;2;212;212;212;48;2;99;47;48m▐[38;2;243;243;243;48;2;253;253;253m▖[38;2;33;30;30;48;2;187;186;186m▝[48;2;160;159;159m▀[38;2;67;64;64;48;2;237;237;237m▘[38;2;232;232;232;48;2;250;250;250m▗[38;2;167;23;27;48;2;106;91;92m▐[48;2;33;30;30m [38;2;210;22;28;48;2;187;22;27m▝[38;2;72;66;52;48;2;33;30;30m▐[0m
[38;2;66;60;45;48;2;40;36;31m▘[38;2;178;12;16;48;2;102;22;24m▐[38;2;182;13;17;48;2;177;12;16m▀[38;2;198;79;81;48;2;183;14;19m▗[38;2;189;26;30;48;2;231;185;186m▀[38;2;202;68;71;48;2;254;254;254m▀[38;2;186;101;103m▀[38;2;64;62;62;48;2;236;236;236m▀[38;2;252;252;252;48;2;166;165;165m▝[38;2;254;254;254;48;2;141;110;110m▀[38;2;215;214;214;48;2;88;47;48m▘[38;2;85;26;27;48;2;38;35;35m▐[38;2;195;16;21;48;2;183;19;23m▖[48;2;33;30;30m [38;2;83;26;28;48;2;166;21;25m▗[38;2;66;60;45;48;2;40;36;31m▝[0m
[38;2;71;65;50m▝[38;2;140;16;18;48;2;48;36;33m▝[38;2;220;161;162;48;2;174;33;36m▝[38;2;254;254;254;48;2;244;232;232m▐[48;2;254;254;254m    [38;2;253;253;253m▗[38;2;145;137;137;48;2;235;233;233m▐[38;2;108;44;46;48;2;131;128;128m▀[38;2;98;24;25;48;2;45;41;41m▐[38;2;174;17;21;48;2;188;14;19m▐[48;2;33;30;30m [38;2;133;22;25;48;2;44;36;34m▘[0m[38;2;71;65;50m▘[0m
 [7m[38;2;49;45;35m▖[0m[38;2;160;9;11;48;2;63;29;28m▝[38;2;225;184;184;48;2;161;16;18m▝[38;2;219;172;173;48;2;254;254;254m▖ [38;2;251;251;251;48;2;253;253;253m▗[38;2;232;231;231;48;2;172;169;169m▘[38;2;109;105;105;48;2;138;134;134m▖[38;2;142;138;139;48;2;129;126;126m▘[38;2;126;123;123;48;2;138;135;135m▘[38;2;147;143;143;48;2;130;118;119m▘[38;2;158;23;26;48;2;135;116;116m▀[38;2;45;41;36;48;2;33;30;30m▗[0m[7m[38;2;50;45;35m▗[0m[38;2;0;0;0m [0m
 [38;2;0;0;0m [38;2;48;44;35m▀[38;2;138;10;12;48;2;53;37;33m▝[38;2;252;252;252;48;2;145;61;62m▐[48;2;254;254;254m [38;2;243;242;242m▐[38;2;217;215;215;48;2;146;142;142m▀[38;2;114;110;110;48;2;142;137;137m▘[38;2;133;129;129;48;2;142;138;138m▗[38;2;142;139;139;48;2;130;126;126m▗[38;2;87;84;84;48;2;137;133;133m▗[38;2;116;112;112;48;2;51;47;43m▘[0m[38;2;48;44;35m▀  [0m
 [38;2;0;0;0m  [0m [7m[38;2;58;54;48m▖[0m[38;2;218;217;217;48;2;63;59;55m▀[38;2;166;164;164;48;2;251;250;250m▖[38;2;230;230;230;48;2;254;254;254m▝[38;2;152;148;148;48;2;234;234;234m▀[38;2;102;98;98;48;2;143;139;139m▗[38;2;125;121;121;48;2;52;48;44m▀[0m[7m[38;2;51;47;40m▗[0m [38;2;48;44;33m   [0m
 [38;2;0;0;0m    [0m [38;2;55;50;44m▀[38;2;156;154;154;48;2;49;44;35m▀▀[0m[38;2;55;50;44m▀[0m [38;2;43;39;29m     [0m
[?25h