[?25l[0m  [38;2;34;39;64m▗[7m[38;2;67;66;83m▀[38;2;115;100;65m▀[0m[38;2;38;42;69;48;2;137;109;26m▀[38;2;55;54;76;48;2;154;124;20m▀[38;2;71;68;79;48;2;157;127;20m▀[38;2;70;67;78;48;2;157;127;19m▀[38;2;52;52;73;48;2;154;123;20m▀[38;2;34;38;67;48;2;137;109;25m▀[0m[7m[38;2;111;94;61m▀[38;2;62;59;78m▀[0m[38;2;30;33;61m▖[0m [38;2;3;3;3m [0m
[38;2;60;65;109m▗[38;2;50;53;78;48;2;130;105;34m▀[38;2;116;99;56;48;2;158;128;20m▀[38;2;171;155;18;48;2;147;125;24m▖[38;2;162;134;18;48;2;93;97;69m▀[38;2;167;151;17;48;2;51;56;109m▀[38;2;138;130;31;48;2;103;107;152m▀[38;2;132;128;47;48;2;209;213;221m▀[38;2;132;128;48;48;2;210;213;221m▀[38;2;138;130;32;48;2;105;110;157m▀[38;2;168;152;17;48;2;56;61;119m▀[38;2;165;136;18;48;2;97;101;77m▀[38;2;177;156;16;48;2;151;127;24m▗[38;2;113;94;51;48;2;165;135;19m▀[38;2;45;45;73;48;2;137;110;30m▀[0m[38;2;55;53;91m▖[0m
[38;2;89;79;74;48;2;33;36;67m▐[38;2;153;122;21;48;2;161;131;19m▘[38;2;47;51;107;48;2;146;140;24m▗[38;2;55;59;97;48;2;54;60;124m▘[38;2;54;60;124;48;2;58;64;131m▀[38;2;58;64;129;48;2;60;66;135m▀[38;2;220;224;230;48;2;142;146;179m▐[38;2;221;222;201;48;2;223;226;227m▝[38;2;222;224;204;48;2;223;226;225m▘[38;2;143;149;185;48;2;220;223;229m▐[38;2;63;70;140;48;2;64;73;148m▀[38;2;63;69;141;48;2;64;73;149m▀[38;2;65;68;118;48;2;63;72;145m▝[38;2;63;71;145;48;2;138;119;41m▖[38;2;171;141;18;48;2;184;159;13m▀[38;2;45;47;94;48;2;118;98;47m▐[0m
[38;2;100;85;58;48;2;41;45;86m▐[38;2;171;142;20;48;2;167;136;19m▗[38;2;63;70;133;48;2;151;143;23m▝[38;2;67;75;142;48;2;154;132;19m▀[38;2;70;78;146;48;2;148;140;19m▀[38;2;72;81;149;48;2;148;136;26m▀[38;2;92;101;162;48;2;175;158;21m▀[38;2;160;169;199;48;2;188;179;63m▀[38;2;162;170;200;48;2;189;181;63m▀[38;2;94;106;167;48;2;176;158;18m▀[38;2;76;90;160;48;2;159;151;17m▀[38;2;77;91;162;48;2;157;149;17m▀[38;2;78;91;162;48;2;177;162;9m▀[38;2;95;95;114;48;2;164;154;17m▀[38;2;196;173;3;48;2;203;186;0m▀[38;2;58;64;127;48;2;157;141;25m▐[0m
[38;2;70;72;109;48;2;18;18;33m▐[38;2;141;114;21;48;2;173;144;18m▖[38;2;129;126;52;48;2;173;157;20m▐[38;2;141;139;38;48;2;71;81;136m▀[38;2;169;156;21;48;2;83;90;126m▗[38;2;161;156;27;48;2;101;104;103m▞[38;2;225;230;106;48;2;165;145;15m▐[38;2;165;180;202;48;2;237;239;242m▗[38;2;223;227;233;48;2;191;201;216m▗[38;2;206;200;3;48;2;177;163;111m▐[38;2;64;66;99;48;2;157;146;40m▖[38;2;191;175;12;48;2;87;91;125m▖[38;2;193;180;10;48;2;93;98;124m▝[38;2;212;197;1;48;2;145;136;53m▗[38;2;213;197;0;48;2;217;209;0m▀[38;2;37;42;78;48;2;109;109;82m▐[0m
[38;2;39;42;81m▝[38;2;154;130;25;48;2;76;74;98m▐[38;2;132;132;48;48;2;187;162;11m▝[38;2;166;157;22;48;2;98;104;99m▞[38;2;161;160;24;48;2;79;89;131m▘[38;2;84;94;144;48;2;161;155;39m▀[38;2;227;231;106;48;2;180;162;10m▐[38;2;247;248;248;48;2;201;210;222m▘[38;2;165;181;203;48;2;230;233;238m▖[38;2;213;205;3;48;2;179;167;111m▐[38;2;84;89;133;48;2;178;167;28m▀[38;2;174;166;34;48;2;88;95;138m▝[38;2;109;110;105;48;2;187;177;23m▞[38;2;102;99;97;48;2;221;212;0m▘[38;2;84;93;128;48;2;192;194;14m▗[0m[38;2;67;75;133m▘[0m
 [38;2;68;71;120m▝[38;2;70;72;118;48;2;167;144;18m▖[38;2;95;96;102;48;2;197;178;3m▝[38;2;182;178;11;48;2;99;102;96m▞[38;2;130;137;53;48;2;90;100;140m▘[38;2;227;233;106;48;2;168;151;15m▐[38;2;192;201;216;48;2;240;242;244m▐[38;2;233;235;239;48;2;172;185;207m▐[38;2;214;214;3;48;2;182;170;111m▐[38;2;130;126;83;48;2;73;81;141m▞[38;2;94;102;147;48;2;174;166;38m▖[38;2;98;102;132;48;2;208;209;7m▘[38;2;105;116;103;48;2;213;220;3m▗[0m[7m[38;2;64;71;89m▗[0m[38;2;0;0;0m [0m
 [38;2;0;0;0m [38;2;64;68;119m▝[38;2;169;151;22;48;2;76;75;94m▀[38;2;175;160;24;48;2;209;193;0m▞[38;2;198;192;13;48;2;159;151;46m▞[38;2;227;234;106;48;2;183;168;13m▐[38;2;238;239;242;48;2;189;200;217m▘[38;2;232;234;239;48;2;252;252;252m▀[38;2;213;220;4;48;2;183;173;110m▐[38;2;137;137;64;48;2;193;191;18m▖[38;2;155;157;59;48;2;213;223;1m▘[38;2;201;212;9;48;2;109;120;94m▀[0m[38;2;97;108;122m▘  [0m
 [38;2;0;0;0m  [0m [38;2;99;96;90m▀[38;2;211;197;2;48;2;104;101;93m▀[38;2;224;221;43;48;2;217;205;3m▝[38;2;213;215;196;48;2;220;217;10m▀[38;2;221;220;207;48;2;211;214;11m▀[38;2;194;190;46;48;2;216;227;1m▘[38;2;214;227;0;48;2;128;140;82m▀[0m[38;2;129;142;80m▀[0m [38;2;46;53;78m   [0m
 [38;2;0;0;0m    [0m [38;2;89;89;103m▀[38;2;197;194;22;48;2;56;59;92m▀[38;2;200;211;11;48;2;67;75;96m▀[0m[38;2;106;118;97m▀[0m   [38;2;0;0;0m   [0m
[?25h