[?25l[0m[38;2;155;126;140m▗[7m[38;2;151;150;168m▀[0m[38;2;61;36;47;48;2;146;156;182m▀[38;2;97;71;84;48;2;131;149;181m▀[38;2;118;90;104;48;2;132;160;196m▀[38;2;121;89;104;48;2;140;178;215m▀[38;2;121;83;101;48;2;150;185;211m▀[38;2;124;83;103;48;2;165;192;185m▀[38;2;121;83;101;48;2;144;183;219m▀[38;2;121;88;104;48;2;140;178;215m▀[38;2;118;90;104;48;2;133;160;196m▀[38;2;97;71;84;48;2;131;148;181m▀[38;2;61;36;47;48;2;146;156;182m▀[0m[7m[38;2;151;150;167m▀[0m[38;2;155;126;140m▖[0m
[38;2;151;115;132;48;2;94;38;66m▐[38;2;147;189;228;48;2;141;179;217m▐[38;2;184;211;236;48;2;148;189;228m▝[38;2;234;241;249;48;2;153;192;229m▘[38;2;156;192;216;48;2;147;189;228m▗[38;2;152;191;220;48;2;221;213;77m▀[38;2;226;217;77;48;2;253;227;7m▘[38;2;253;227;6;48;2;254;228;4m▝[38;2;240;222;45;48;2;253;227;5m▝[38;2;254;228;4;48;2;182;197;145m▖[38;2;135;175;213;48;2;147;189;228m▖[38;2;148;189;226;48;2;147;189;227m▖[38;2;147;189;228;48;2;166;196;198m▀[38;2;141;179;217;48;2;146;188;227m▐[38;2;94;38;66;48;2;151;115;132m▐[0m
[38;2;151;115;132;48;2;94;38;66m▐[38;2;147;189;228;48;2;141;179;217m▐[38;2;223;216;85;48;2;172;198;189m▐[38;2;136;177;216;48;2;227;215;61m▝[38;2;203;209;120;48;2;157;192;211m▖[38;2;159;193;216;48;2;188;201;154m▖[38;2;191;197;115;48;2;236;219;40m▖[48;2;254;228;4m  [38;2;182;191;127;48;2;253;228;4m▐[38;2;134;170;203;48;2;197;203;120m▘[38;2;243;224;36;48;2;230;217;53m▝[38;2;253;227;6;48;2;178;190;135m▘[38;2;130;170;208;48;2;142;181;219m▘[38;2;94;38;66;48;2;151;115;132m▐[0m
[38;2;151;115;132;48;2;94;38;66m▐[38;2;147;189;228;48;2;141;179;217m▐[38;2;184;202;173;48;2;147;189;227m▝[38;2;164;188;177;48;2;148;189;226m▀[38;2;246;225;31;48;2;181;201;166m▝[38;2;245;224;31;48;2;253;227;6m▞[48;2;254;228;4m  [38;2;254;228;3m▗[38;2;138;177;212;48;2;176;188;136m▐[38;2;147;180;199;48;2;217;213;92m▞[38;2;188;198;133;48;2;145;186;223m▖[38;2;146;187;226;48;2;147;189;228m▘[38;2;141;179;217m▐[38;2;94;38;66;48;2;151;115;132m▐[0m
[38;2;151;115;132;48;2;94;38;66m▐[38;2;147;189;228;48;2;141;179;217m▐[38;2;177;199;192;48;2;147;189;227m▝[38;2;244;224;32;48;2;196;205;131m▀[38;2;241;222;37;48;2;175;190;144m▘[38;2;166;188;167;48;2;233;220;62m▀[38;2;185;200;151;48;2;250;226;18m▘[38;2;246;224;23;48;2;253;227;4m▗[48;2;254;228;4m [38;2;166;185;153;48;2;249;225;15m▐[38;2;146;188;227;48;2;191;202;146m▀[38;2;213;207;75;48;2;176;193;157m▝[38;2;147;189;228;48;2;134;174;212m▐[38;2;141;179;217;48;2;147;189;228m▐[38;2;94;38;66;48;2;151;115;132m▐[0m
[38;2;151;115;132;48;2;94;38;66m▐[38;2;147;189;228;48;2;141;179;217m▐[38;2;152;191;220;48;2;147;189;228m▗[38;2;147;189;227;48;2;238;222;59m▀[38;2;150;190;224;48;2;210;212;101m▀[38;2;245;224;29;48;2;198;207;132m▐[38;2;236;218;40;48;2;254;228;4m▐[38;2;251;226;11;48;2;189;197;125m▝[38;2;254;228;4;48;2;236;219;46m▀[38;2;170;185;139;48;2;242;222;27m▝[38;2;176;199;179;48;2;235;218;45m▀[38;2;139;173;197;48;2;145;186;225m▖[48;2;147;189;228m [38;2;141;179;217m▐[38;2;94;38;66;48;2;151;115;132m▐[0m
[38;2;151;115;132;48;2;94;38;66m▐[38;2;147;189;228;48;2;141;179;217m▐[38;2;150;190;224;48;2;147;189;228m▝[38;2;218;214;92;48;2;157;192;211m▝[38;2;194;199;112;48;2;146;188;227m▀[38;2;180;196;148;48;2;147;189;228m▀[38;2;155;185;197m▀[38;2;242;223;36;48;2;180;198;163m▗[38;2;181;200;167;48;2;239;220;39m▀[38;2;240;221;32;48;2;151;179;180m▀[38;2;192;196;109;48;2;139;179;217m▘[38;2;143;184;223;48;2;147;189;228m▘ [38;2;141;179;217m▐[38;2;94;38;66;48;2;151;115;132m▐[0m
[38;2;163;136;149;48;2;74;20;47m▐[38;2;119;118;151;48;2;144;184;222m▖[38;2;97;78;110;48;2;137;171;208m▗[38;2;146;188;227;48;2;123;138;173m▀[38;2;147;189;228;48;2;134;163;199m▀[38;2;142;180;218;48;2;147;189;228m▖[38;2;173;204;233;48;2;156;194;230m▗[38;2;175;205;234;48;2;163;198;230m▖[38;2;149;188;224;48;2;167;201;232m▀[38;2;144;185;223;48;2;146;188;227m▗[38;2;147;189;228;48;2;138;172;209m▀[38;2;126;143;180;48;2;143;181;220m▖[38;2;143;182;220;48;2;109;106;139m▀[38;2;119;118;151;48;2;144;184;222m▗[38;2;74;20;47;48;2;163;136;149m▐[0m
[38;2;57;18;37m▝[38;2;148;128;144m▀[38;2;132;150;182;48;2;112;81;96m▀[38;2;135;167;203;48;2;135;127;150m▘[38;2;112;110;145;48;2;145;163;191m▝[38;2;111;108;142;48;2;126;146;179m▘[38;2;109;105;139;48;2;138;171;208m▀[38;2;122;136;171;48;2;135;164;201m▀[38;2;147;189;228;48;2;126;145;181m▖[38;2;99;79;113;48;2;124;139;172m▝[38;2;108;101;135;48;2;143;160;188m▘[38;2;134;167;203;48;2;135;126;150m▝[38;2;132;150;183;48;2;112;81;96m▀[0m[38;2;148;128;144m▀[38;2;57;18;37m▘[0m
 [38;2;0;0;0m  [0m [38;2;71;44;57m▝[38;2;111;83;97m▀[38;2;137;113;129m▀[38;2;144;150;173;48;2;87;50;68m▀[0m[38;2;137;113;129m▀[38;2;111;83;97m▀[38;2;71;44;57m▘[0m [38;2;22;0;11m   [0m
[?25h