[?25l[0m[38;2;165;166;166m▖[7m[38;2;23;24;24m▀[0m[38;2;100;100;100;48;2;5;6;7m▀[38;2;251;251;251;48;2;105;106;106m▗[38;2;132;132;132;48;2;254;254;254m▀[38;2;148;148;148m▀[38;2;161;161;161m▀[38;2;171;171;171m▀[38;2;160;160;160m▀[38;2;146;147;147m▀[38;2;131;131;131;48;2;253;253;253m▀[38;2;99;99;99;48;2;210;210;210m▀[38;2;100;101;101;48;2;5;6;7m▀[0m[7m[38;2;23;24;25m▀[0m[38;2;166;166;166m▗[0m
[38;2;5;6;7;48;2;127;128;128m▐[48;2;5;6;7m  [38;2;254;254;254;48;2;120;120;121m▐[48;2;254;254;254m  [38;2;234;228;229m▗[38;2;245;242;242;48;2;215;98;103m▀[38;2;217;166;168;48;2;217;65;70m▀[38;2;252;252;252;48;2;210;130;132m▀[38;2;250;250;250;48;2;254;254;254m▖[38;2;178;178;179m▐[48;2;5;6;7m  [38;2;118;118;119m▐[0m
[38;2;5;6;7;48;2;127;128;128m▐[48;2;5;6;7m  [38;2;254;254;254;48;2;125;126;126m▐[38;2;233;227;227;48;2;254;254;254m▗[38;2;244;241;241;48;2;215;97;101m▀[38;2;219;65;70;48;2;210;133;135m▞[38;2;199;134;136;48;2;216;70;75m▝[38;2;211;157;159;48;2;239;237;237m▖[38;2;213;102;106;48;2;245;244;244m▀[38;2;212;160;162;48;2;208;92;96m▞[38;2;178;178;179;48;2;235;229;230m▐[48;2;5;6;7m  [38;2;117;118;118m▐[0m
[38;2;5;6;7;48;2;127;128;128m▐[48;2;5;6;7m  [38;2;254;254;254;48;2;125;126;126m▐[38;2;204;65;70;48;2;236;232;232m▝[38;2;212;108;111;48;2;244;243;243m▀[38;2;243;242;242;48;2;212;120;123m▀[38;2;219;58;64;48;2;207;137;139m▞[38;2;223;65;70;48;2;216;183;184m▀[38;2;227;200;201;48;2;214;71;76m▀[38;2;213;157;158;48;2;250;250;250m▖[38;2;178;178;179;48;2;254;254;254m▐[48;2;5;6;7m  [38;2;117;118;118m▐[0m
[38;2;5;6;7;48;2;127;128;128m▐[48;2;5;6;7m  [38;2;254;254;254;48;2;125;126;126m▐[38;2;211;71;76;48;2;235;225;225m▗[38;2;219;66;72;48;2;210;139;141m▞[38;2;216;69;74;48;2;235;229;229m▀[38;2;199;141;143;48;2;210;58;63m▞[38;2;245;242;243;48;2;214;101;105m▀[38;2;213;162;164;48;2;244;242;242m▝[38;2;200;77;81;48;2;246;246;246m▀[38;2;182;182;183;48;2;245;245;245m▐[48;2;5;6;7m  [38;2;123;123;124m▐[0m
[38;2;5;6;7;48;2;129;129;130m▐[48;2;5;6;7m  [38;2;254;254;254;48;2;126;127;128m▐[38;2;214;168;170;48;2;250;250;250m▝[38;2;224;207;208;48;2;210;93;97m▀[38;2;215;179;180;48;2;213;84;88m▗[38;2;216;85;89;48;2;251;251;251m▀[38;2;219;118;121;48;2;254;254;254m▀[38;2;241;241;241;48;2;204;90;93m▖[38;2;231;59;65;48;2;220;194;195m▖[38;2;182;183;183;48;2;254;254;254m▐[48;2;5;6;7m  [38;2;129;129;130m▐[0m
[38;2;16;17;17;48;2;137;137;137m▞[38;2;12;13;14;48;2;5;6;7m▖ [38;2;254;254;254;48;2;129;129;130m▐[38;2;204;190;191;48;2;254;254;254m▐[38;2;188;75;79;48;2;227;58;64m▐[38;2;254;254;254;48;2;242;242;242m▐[48;2;254;254;254m  [38;2;185;143;145;48;2;246;244;244m▝[38;2;211;73;77;48;2;213;169;171m▀[38;2;182;183;183;48;2;254;254;254m▐[48;2;5;6;7m [38;2;12;13;14m▗[38;2;137;137;137;48;2;16;17;17m▞[0m
 [38;2;15;16;16;48;2;120;120;120m▞[38;2;75;76;76;48;2;5;6;7m▖[38;2;254;254;254;48;2;129;129;130m▐[48;2;254;254;254m [38;2;212;71;75;48;2;236;225;226m▝[38;2;210;80;85;48;2;220;161;163m▘[38;2;223;177;178;48;2;222;142;144m▘[38;2;223;202;203;48;2;213;133;135m▗[38;2;233;233;233;48;2;253;253;253m▘[48;2;254;254;254m [38;2;184;184;184m▐[38;2;75;76;76;48;2;5;6;7m▗[38;2;120;120;121;48;2;15;16;16m▞[0m [0m
 [38;2;0;0;0m [38;2;112;112;113m▝[38;2;215;215;216;48;2;93;94;94m▝[38;2;254;254;254;48;2;165;165;165m▀[38;2;247;247;247;48;2;254;254;254m▖   ▗[38;2;254;254;254;48;2;164;165;165m▀[38;2;215;215;216;48;2;99;100;100m▘[0m[38;2;112;113;113m▘  [0m
 [38;2;0;0;0m   [0m [38;2;140;140;140m▀[38;2;204;204;204;48;2;93;93;93m▀[38;2;254;254;254;48;2;139;139;139m▀[38;2;204;204;204;48;2;93;93;93m▀[0m[38;2;140;140;140m▀[0m [38;2;96;96;96m    [0m
[?25h