[?25l[0m[38;2;229;41;48;48;2;166;29;34m▗[38;2;234;42;49;48;2;179;32;39m▖[0m[7m[38;2;141;31;40m▝[38;2;138;30;39m▘[0m[38;2;184;32;38;48;2;168;39;51m▀[38;2;124;31;42;48;2;152;30;37m▗[0m[7m[38;2;133;29;38m▘[0m[38;2;176;36;44;48;2;146;30;38m▐[38;2;145;30;38;48;2;176;36;44m▐[0m[7m[38;2;131;29;38m▝[0m[38;2;124;31;42;48;2;153;30;37m▖[38;2;184;32;38;48;2;168;39;51m▀[0m[7m[38;2;137;30;39m▝[38;2;135;30;38m▘[0m[38;2;234;42;49;48;2;177;32;38m▗[38;2;229;41;48;48;2;167;29;34m▖[0m
[38;2;209;37;43;48;2;152;27;31m▐[38;2;96;38;56;48;2;229;41;47m▐[38;2;97;147;193;48;2;118;69;95m▀[38;2;133;167;203;48;2;116;67;94m▀[38;2;126;164;202;48;2;122;71;96m▀[38;2;129;167;204;48;2;108;63;92m▀[38;2;122;162;201;48;2;124;72;97m▀[38;2;112;154;196;48;2;127;74;98m▀[38;2;139;173;206;48;2;80;76;118m▘[38;2;103;150;194;48;2;111;64;93m▀[38;2;131;167;203;48;2;128;74;98m▀[38;2;130;167;204;48;2;109;63;92m▀[38;2;129;167;204;48;2;120;69;96m▀[38;2;95;146;192;48;2;112;65;93m▀[38;2;229;41;48;48;2;90;40;60m▐[38;2;154;27;32;48;2;209;37;43m▐[0m
 [7m[38;2;139;24;29m▖[0m[38;2;32;68;103;48;2;195;35;40m▐[38;2;63;100;142;48;2;243;246;249m▀[38;2;103;126;155;48;2;254;254;254m▀[38;2;68;103;143;48;2;250;250;252m▀[38;2;38;86;134;48;2;181;200;222m▀[38;2;20;76;130;48;2;21;100;168m▀[48;2;17;98;167m▀▀▀▀▀[38;2;199;35;41;48;2;13;57;97m▐[38;2;174;31;36;48;2;120;21;25m▘[0m [0m
 [38;2;132;23;27m▐[38;2;11;64;109;48;2;195;35;40m▐[38;2;147;179;211;48;2;229;235;243m▖[38;2;33;106;171;48;2;222;231;240m▗[38;2;237;241;246;48;2;254;254;254m▖ [38;2;159;188;216;48;2;243;246;249m▝[38;2;149;182;213;48;2;254;254;254m▀[38;2;203;217;233m▀[38;2;254;254;254;48;2;245;246;249m▖[38;2;175;199;222;48;2;233;238;244m▝[38;2;194;211;229;48;2;115;157;198m▞[38;2;199;35;41;48;2;30;75;115m▐[0m[7m[38;2;133;23;27m▐[0m[38;2;96;17;20m [0m
 [38;2;132;23;27m▐[38;2;11;64;109;48;2;195;35;40m▐[38;2;246;248;250;48;2;102;151;196m▗[38;2;106;151;195;48;2;123;166;204m▖[38;2;246;248;250;48;2;133;171;206m▀[38;2;247;248;250;48;2;253;253;253m▖[38;2;254;254;254;48;2;148;181;212m▀[48;2;129;169;206m▀[38;2;244;246;249;48;2;90;142;190m▀[38;2;212;222;235;48;2;241;244;247m▗[38;2;203;217;232;48;2;243;245;248m▞[38;2;167;194;220;48;2;39;111;174m▖[38;2;199;35;41;48;2;11;64;109m▐[0m[7m[38;2;133;23;27m▐[0m[38;2;96;17;20m [0m
 [38;2;132;23;27m▐[38;2;11;64;109;48;2;195;35;40m▐[38;2;165;189;215;48;2;17;98;167m▐[38;2;132;169;205;48;2;215;223;234m▀[38;2;152;178;209;48;2;29;105;170m▖[38;2;241;243;247;48;2;67;129;184m▝[38;2;233;238;245;48;2;42;112;174m▖[48;2;17;98;167m [38;2;41;112;174;48;2;132;171;207m▀[38;2;209;221;234;48;2;58;123;180m▘[38;2;224;232;241;48;2;69;130;184m▗[38;2;17;98;167;48;2;152;184;214m▐[38;2;199;35;41;48;2;11;64;109m▐[0m[7m[38;2;133;23;27m▐[0m[38;2;96;17;20m [0m
 [38;2;132;23;27m▐[38;2;172;196;220;48;2;170;54;71m▗[38;2;80;64;105;48;2;142;174;207m▀[38;2;134;97;122;48;2;149;178;209m▀[38;2;87;68;107;48;2;168;191;216m▀[38;2;102;78;112;48;2;123;162;201m▀[38;2;106;80;114;48;2;158;183;212m▀[38;2;79;64;105m▀[48;2;120;161;200m▀[48;2;167;191;216m▀[38;2;94;70;108;48;2;147;176;208m▀[38;2;79;64;105;48;2;138;171;205m▀[38;2;171;195;219;48;2;171;53;70m▖[0m[7m[38;2;133;23;27m▐[0m[38;2;96;17;20m [0m
 [38;2;137;24;28m▐[38;2;17;51;87;48;2;190;63;82m▗[38;2;189;127;153;48;2;100;124;157m▀[38;2;181;122;150;48;2;93;120;155m▀[38;2;156;106;141;48;2;88;117;153m▀[38;2;205;137;158;48;2;102;127;159m▀[38;2;171;116;147;48;2;89;118;154m▀[38;2;169;114;146;48;2;77;111;151m▀[38;2;206;137;158;48;2;49;94;141m▀[38;2;159;108;142;48;2;74;108;148m▀[38;2;181;122;150;48;2;72;108;149m▀[38;2;191;128;154;48;2;97;122;156m▀[38;2;17;51;87;48;2;191;63;82m▖[0m[7m[38;2;133;23;27m▐[0m[38;2;96;17;20m [0m
  [38;2;193;34;40;48;2;95;27;37m▘[38;2;102;71;103;48;2;175;34;43m▀[38;2;156;53;81;48;2;126;77;109m▖[38;2;59;94;159;48;2;109;80;117m▗[38;2;115;80;108;48;2;45;95;162m▀[38;2;120;81;108m▀[38;2;125;85;110m▀[38;2;108;75;105m▀[38;2;59;94;159;48;2;116;85;120m▖[38;2;154;54;82;48;2;130;80;111m▗[38;2;115;79;107;48;2;175;35;44m▀[38;2;195;35;40;48;2;96;27;37m▝[0m [38;2;111;19;23m [0m
 [38;2;0;0;0m  [0m  [38;2;163;29;35m▀[38;2;146;53;80m▀[38;2;86;83;136;48;2;138;24;28m▀[38;2;87;82;135;48;2;135;24;28m▀[0m[38;2;145;53;79m▀[38;2;162;29;35m▀[0m  [38;2;31;5;6m   [0m
[?25h