[?25l[0m   [38;2;115;136;177;48;2;71;81;99m▖[0m[38;2;80;105;153m▗[7m[38;2;95;107;132m▐[0m[38;2;1;1;1m    [0m [7m[38;2;88;99;123m▀[0m   [38;2;4;4;4m [0m
  [7m[38;2;80;104;148m▝[0m[38;2;217;222;233;48;2;96;123;172m▗[38;2;177;190;214;48;2;96;118;161m▗[0m[7m[38;2;95;115;153m▐[0m[38;2;19;20;22m  [38;2;124;131;145m▗[38;2;49;85;149m▗[38;2;67;91;134;48;2;96;122;172m▘[38;2;135;152;187;48;2;36;75;144m▘[38;2;85;108;152;48;2;39;78;145m▀[0m[7m[38;2;59;72;98m▗[0m [38;2;80;83;92m [0m
  [7m[38;2;78;100;142m▘[0m[38;2;101;128;176;48;2;26;69;142m▝[38;2;94;121;172;48;2;202;210;225m▞[38;2;140;154;184;48;2;233;235;241m▝[0m[7m[38;2;174;183;203m▀[0m[38;2;59;71;95m▖[7m[38;2;68;94;140m▘[0m[38;2;26;69;142;48;2;72;104;160m▐[38;2;133;152;190;48;2;75;106;163m▗[38;2;26;69;142;48;2;77;104;154m▞[0m[38;2;73;92;129m▘   [0m
 [38;2;0;0;0m [0m [7m[38;2;117;126;147m▖[0m[38;2;26;69;142;48;2;68;99;157m▗[38;2;146;164;198;48;2;55;90;153m▝[38;2;233;236;242;48;2;62;96;157m▀[38;2;118;139;179;48;2;225;229;238m▞[38;2;82;109;163;48;2;153;166;194m▝[38;2;204;211;227;48;2;57;93;156m▗[38;2;199;207;224;48;2;73;100;149m▘[0m[38;2;70;92;133m▘    [0m
 [38;2;0;0;0m [38;2;97;107;131m▗[7m[38;2;74;92;126m▀[38;2;70;87;120m▘[0m[38;2;56;81;127;48;2;104;124;163m▞[38;2;52;87;152;48;2;101;126;174m▘[38;2;147;163;196;48;2;193;199;216m▀[38;2;164;176;205;48;2;230;233;240m▘[38;2;138;156;192;48;2;213;219;231m▘[0m[7m[38;2;173;182;205m▝[0m[38;2;88;94;109m▖    [0m
 [38;2;0;0;0m [0m [38;2;84;98;125m▀[38;2;83;111;163m▀[38;2;52;87;151m▀[38;2;75;87;108;48;2;55;89;152m▖[38;2;232;233;239;48;2;156;170;200m▝[38;2;251;251;252;48;2;165;178;206m▀[38;2;161;174;203;48;2;78;88;110m▀[0m[38;2;180;191;214m▀[7m[38;2;187;195;215m▐[0m[38;2;85;90;102m    [0m
 [38;2;157;155;156;48;2;201;200;201m▀[0m [38;2;111;111;111m   [38;2;102;111;131m▝[38;2;172;183;207;48;2;72;101;157m▐[38;2;72;102;160;48;2;157;169;197m▝[0m[7m[38;2;92;98;113m▐[0m[38;2;18;19;21m [0m [38;2;5;5;5m [0m [38;2;155;154;155;48;2;203;201;202m▀[0m [0m
 [38;2;201;200;201;48;2;204;202;203m▐[38;2;197;197;197;48;2;227;227;227m▝[0m[7m[38;2;211;211;211m▀[38;2;110;110;110m▀[38;2;131;130;131m▀[38;2;184;167;171m▘[0m[38;2;204;136;143;48;2;204;72;89m▀[38;2;202;121;132;48;2;208;91;106m▀[0m[7m[38;2;193;166;171m▝[38;2;136;135;136m▀[0m [7m[38;2;204;204;204m▀[0m[38;2;164;164;164;48;2;223;223;223m▘[38;2;210;208;209;48;2;209;208;209m▖[0m [0m
[38;2;104;77;105m▐[38;2;79;110;165;48;2;143;142;176m▖[38;2;165;163;192;48;2;126;132;174m▐[38;2;150;165;197;48;2;132;133;171m▗[38;2;195;186;201;48;2;138;140;174m▞[38;2;208;204;205;48;2;155;142;175m▀[38;2;188;183;184;48;2;156;138;161m▀[38;2;205;118;129;48;2;190;173;176m▀[38;2;210;132;142;48;2;193;180;182m▀[38;2;184;177;179;48;2;168;146;161m▀[38;2;209;207;208;48;2;152;138;170m▀[38;2;94;112;163;48;2;190;180;195m▖[38;2;92;119;170;48;2;148;148;181m▖[38;2;94;118;168;48;2;136;134;174m▖[38;2;143;133;168;48;2;69;100;159m▀[0m[7m[38;2;102;82;119m▐[0m
 [38;2;178;127;143m▀[38;2;169;119;123m▀[0m [38;2;118;105;137m▀[38;2;152;159;192m▀[38;2;129;149;188;48;2;110;97;128m▀[38;2;152;150;183;48;2;87;102;155m▐[38;2;140;150;188;48;2;138;133;170m▝[38;2;141;158;193;48;2;96;97;136m▘[0m[38;2;175;182;207m▀[38;2;138;125;154m▀[38;2;76;56;75m▀[38;2;168;119;123m▀[38;2;192;148;163m▀[0m [0m
[?25h