[?25l[0m [7m[38;2;163;163;163m▀[38;2;207;207;207m▀[38;2;195;195;195m▀[0m[38;2;130;130;130;48;2;189;189;189m▀[38;2;206;206;206;48;2;171;171;171m▖[38;2;200;200;200;48;2;188;188;188m▞[38;2;231;231;231;48;2;202;202;202m▖[38;2;182;182;182;48;2;205;205;205m▖[38;2;250;250;250;48;2;199;199;199m▗[38;2;219;219;219;48;2;193;193;193m▗[38;2;153;153;153;48;2;177;177;177m▝[0m[7m[38;2;200;200;200m▀[38;2;221;221;221m▀[38;2;205;205;205m▀[0m [0m
[7m[38;2;137;116;111m▘[0m[38;2;245;245;245;48;2;204;91;62m▀[38;2;233;230;230;48;2;206;124;103m▀[38;2;203;148;134;48;2;212;161;148m▖[38;2;219;136;114;48;2;222;202;198m▀[38;2;198;107;81;48;2;186;176;174m▘[38;2;213;151;26;48;2;172;164;145m▗[38;2;164;153;128;48;2;164;116;19m▀[38;2;99;71;10;48;2;181;152;93m▗[38;2;168;156;131;48;2;205;151;40m▀[38;2;201;104;78;48;2;198;191;190m▝[38;2;220;107;76;48;2;222;221;221m▀[38;2;225;145;124;48;2;203;179;175m▀[38;2;249;249;249;48;2;207;152;139m▝[38;2;236;233;232;48;2;223;118;91m▀[0m[7m[38;2;189;153;144m▐[0m
[38;2;158;126;118m▐[38;2;228;183;171;48;2;218;104;74m▀[38;2;232;191;180;48;2;217;84;51m▀[38;2;211;190;185;48;2;168;109;94m▀[0m  [38;2;208;148;25;48;2;141;135;123m▐[38;2;117;81;14;48;2;176;124;21m▝[38;2;99;71;10;48;2;213;152;26m▐[38;2;189;146;57;48;2;216;154;27m▐[0m  [7m[38;2;181;145;135m▖[0m[38;2;227;156;135;48;2;216;108;78m▀[38;2;229;150;128;48;2;199;107;84m▀[0m[38;2;209;141;124m▘[0m
 [7m[38;2;120;118;117m▀[0m [7m[38;2;145;143;140m▀[0m [38;2;72;72;72;48;2;11;11;11m▀[38;2;53;42;18;48;2;0;0;0m▀[38;2;235;224;223;48;2;182;158;113m▗[38;2;248;248;248;48;2;217;170;121m▗[38;2;0;0;0;48;2;150;123;72m▗[48;2;76;76;76m▖[0m [38;2;140;131;112m▐[7m[38;2;143;133;111m▀[38;2;123;110;83m▘[0m[38;2;207;195;168m▖[0m
 [38;2;163;160;155;48;2;191;183;172m▘[38;2;183;177;169;48;2;166;162;155m▞[38;2;133;132;131;48;2;190;182;172m▝[0m[7m[38;2;181;180;178m▘[0m[38;2;103;103;103;48;2;37;37;37m▖[38;2;202;202;202;48;2;20;20;20m▖[38;2;91;91;91;48;2;13;13;13m▀[38;2;74;74;74;48;2;162;162;162m▐[38;2;54;54;54;48;2;2;2;2m▘[38;2;168;168;168;48;2;39;39;39m▗[0m[7m[38;2;130;125;114m▝[38;2;199;158;72m▘[0m[38;2;193;161;92;48;2;208;150;24m▝[38;2;196;180;148m▘[38;2;121;121;121;48;2;177;133;34m▐[0m
 [38;2;171;165;158;48;2;196;188;178m▘[38;2;173;165;155;48;2;177;170;159m▖[38;2;197;189;177;48;2;189;181;170m▗[38;2;168;160;150;48;2;177;172;163m▘[38;2;72;72;72;48;2;115;133;138m▝[38;2;254;254;254;48;2;105;133;140m▗[38;2;13;23;25;48;2;241;241;241m▀[38;2;51;138;159;48;2;201;219;224m▀[38;2;53;53;53;48;2;254;254;254m▀[0m[7m[38;2;110;156;168m▝[38;2;178;157;105m▘[0m[38;2;204;149;24;48;2;196;145;23m▝[38;2;229;164;29;48;2;212;154;25m▐[38;2;187;142;30;48;2;213;155;25m▗[0m[7m[38;2;143;127;89m▗[0m
 [38;2;190;189;187m▝[38;2;216;206;193;48;2;179;174;166m▝[38;2;189;181;169;48;2;204;195;182m▗[38;2;183;176;167;48;2;203;190;181m▞[38;2;0;179;224;48;2;108;173;190m▝[38;2;26;160;193;48;2;238;242;243m▘[38;2;7;174;216;48;2;209;228;234m▗[38;2;121;198;218;48;2;0;180;225m▀[38;2;141;193;206;48;2;241;242;243m▖[38;2;49;182;215;48;2;207;231;238m▀[38;2;202;164;81;48;2;109;185;205m▐[38;2;207;129;26;48;2;221;157;27m▖[38;2;192;141;19;48;2;212;175;12m▞[38;2;188;141;55;48;2;200;75;37m▀[0m [0m
[7m[38;2;119;119;119m▀[38;2;158;155;151m▘[0m[38;2;189;181;169;48;2;160;156;150m▀[38;2;209;144;121;48;2;94;136;53m▀[38;2;213;135;115;48;2;105;133;43m▀[38;2;218;215;215;48;2;110;127;57m▝[38;2;239;240;241;48;2;15;168;183m▀[38;2;23;170;208;48;2;198;222;228m▖[38;2;126;200;219;48;2;247;249;249m▀[38;2;233;234;234;48;2;33;179;216m▀[38;2;202;223;229;48;2;43;162;123m▀[38;2;175;197;169;48;2;122;153;46m▘[38;2;198;93;29;48;2;207;183;2m▀[38;2;200;148;12;48;2;211;193;0m▀[38;2;161;159;139;48;2;203;170;51m▗[0m[38;2;176;176;165m▘[0m
 [38;2;237;237;237;48;2;178;135;125m▗[38;2;193;123;103;48;2;226;221;220m▀[38;2;157;119;76;48;2;231;188;177m▀[38;2;177;178;144;48;2;234;168;152m▀[38;2;84;151;54;48;2;187;170;133m▝[38;2;75;160;51;48;2;151;195;137m▀[38;2;59;158;92;48;2;148;194;134m▀[38;2;89;165;104;48;2;144;190;130m▝[38;2;65;159;72;48;2;153;197;140m▀[38;2;75;161;49;48;2;158;199;146m▀[38;2;162;131;94;48;2;216;177;161m▘[38;2;213;159;119;48;2;226;192;183m▀[38;2;193;94;53;48;2;212;204;203m▀[38;2;215;134;112;48;2;244;244;244m▀[0m[7m[38;2;177;154;149m▗[0m
 [38;2;160;160;160m▝[38;2;223;223;223m▀[38;2;192;192;192;48;2;145;145;145m▀[38;2;193;193;193;48;2;175;175;175m▗[38;2;179;179;179;48;2;209;209;209m▀[38;2;180;180;180;48;2;210;210;210m▀[38;2;197;197;197;48;2;215;215;215m▀[38;2;198;198;198;48;2;213;213;213m▐[38;2;235;235;235;48;2;198;198;198m▝[38;2;188;188;188;48;2;203;203;203m▗[38;2;217;217;217;48;2;175;175;175m▝[38;2;188;188;188;48;2;138;138;138m▀[0m[38;2;190;190;190m▀[38;2;182;182;182m▀[0m [0m
[?25h