[?25l[0m[38;2;175;65;40;48;2;196;120;19m▐[38;2;50;51;89;48;2;162;94;38m▗[38;2;183;91;31;48;2;50;51;89m▀▀▀▀▀[48;2;54;53;88m▀▀[48;2;50;51;89m▀▀▀▀▀[38;2;50;51;89;48;2;162;94;38m▖[38;2;196;120;19;48;2;175;65;40m▐[0m
[38;2;173;58;44;48;2;193;113;22m▐[38;2;15;28;97;48;2;102;87;59m▐[48;2;15;28;97m [38;2;82;72;77;48;2;15;28;96m▝[38;2;200;154;13;48;2;82;73;71m▗[38;2;18;30;96;48;2;98;83;65m▀[38;2;15;27;96;48;2;147;117;40m▀[38;2;184;143;24;48;2;104;87;63m▐[38;2;104;87;63;48;2;184;143;24m▐[38;2;15;27;96;48;2;147;117;40m▀[38;2;18;30;96;48;2;98;83;65m▀[38;2;200;154;13;48;2;82;73;71m▖[38;2;82;72;77;48;2;15;28;96m▘[48;2;15;28;97m [38;2;102;87;59m▐[38;2;193;113;22;48;2;173;58;44m▐[0m
[38;2;173;58;44;48;2;193;113;22m▐[38;2;15;28;97;48;2;102;87;59m▐[38;2;19;30;96;48;2;15;28;97m▗[38;2;25;34;93;48;2;115;95;58m▀[38;2;105;87;65;48;2;23;33;94m▀[38;2;161;126;37;48;2;106;88;66m▀[38;2;160;124;48;48;2;90;78;71m▀[38;2;132;106;57;48;2;86;75;76m▀[48;2;78;70;71m▀[38;2;161;124;48;48;2;33;40;92m▀[38;2;161;126;37;48;2;51;51;86m▀[38;2;97;83;67;48;2;46;42;89m▘[38;2;19;27;95;48;2;57;33;86m▀[38;2;15;28;96;48;2;15;28;97m▖[38;2;102;87;59m▐[38;2;193;113;22;48;2;173;58;44m▐[0m
[38;2;173;58;44;48;2;192;113;22m▐[38;2;15;28;97;48;2;102;87;59m▐[38;2;16;28;96;48;2;109;91;58m▘[38;2;62;59;79;48;2;15;27;96m▘[38;2;18;27;96;48;2;122;28;65m▀[38;2;219;168;0;48;2;62;49;82m▐[38;2;75;56;81;48;2;219;168;0m▐[38;2;131;48;66;48;2;31;35;93m▖[38;2;57;38;86;48;2;127;77;59m▘[38;2;147;117;39;48;2;201;155;13m▗[38;2;15;28;97;48;2;74;67;74m▐[48;2;15;28;97m [38;2;38;37;90;48;2;16;28;96m▀[38;2;15;28;97;48;2;61;27;83m▝[38;2;102;87;59;48;2;15;28;97m▐[38;2;192;113;22;48;2;173;58;44m▐[0m
[38;2;164;38;49;48;2;167;110;12m▐[38;2;15;28;97;48;2;137;106;44m▐[38;2;59;57;81;48;2;103;87;58m▞[38;2;15;27;96;48;2;15;28;97m▝[38;2;119;28;66;48;2;15;28;96m▀[38;2;54;42;86;48;2;156;70;48m▖[38;2;116;48;68;48;2;166;88;42m▐[38;2;150;28;56;48;2;70;50;79m▖[38;2;180;136;27;48;2;129;35;64m▀[38;2;113;88;58;48;2;183;142;22m▞[38;2;17;29;96;48;2;155;123;35m▀[38;2;31;38;92;48;2;15;28;97m▖ [38;2;32;27;92;48;2;72;27;79m▘[38;2;137;106;44;48;2;15;28;97m▐[38;2;167;109;12;48;2;165;38;49m▐[0m
[38;2;169;89;24m▐[38;2;45;47;86;48;2;168;83;39m▝[38;2;104;87;64;48;2;15;28;96m▝[38;2;37;37;89;48;2;75;65;79m▀[38;2;133;28;62;48;2;46;28;88m▘[38;2;102;86;65;48;2;60;34;86m▝[48;2;67;33;83m▘[38;2;128;28;62;48;2;23;27;95m▀[38;2;139;28;60;48;2;64;27;84m▀[38;2;21;31;95;48;2;63;27;84m▝[38;2;115;96;53;48;2;69;41;80m▝[38;2;136;107;51;48;2;71;38;80m▘[38;2;105;27;71;48;2;31;28;92m▗[38;2;114;27;68;48;2;21;28;95m▘[38;2;45;47;86;48;2;168;84;39m▘[0m[7m[38;2;169;89;24m▐[0m
 [7m[38;2;176;85;30m▖[0m[38;2;15;28;97;48;2;138;84;50m▝[38;2;41;30;91;48;2;18;28;96m▝[38;2;65;52;85;48;2;32;27;93m▀[38;2;21;31;95;48;2;47;36;89m▝[38;2;234;215;172;48;2;50;52;104m▗[38;2;65;66;116;48;2;205;183;181m▘[38;2;72;66;114;48;2;200;170;170m▝[38;2;234;215;173;48;2;47;52;105m▖[38;2;16;27;96;48;2;66;27;83m▀[38;2;73;28;81;48;2;28;27;93m▀[38;2;66;27;82;48;2;16;28;96m▘[38;2;15;28;97;48;2;138;85;50m▘[0m[7m[38;2;176;85;30m▗[0m [0m
  [7m[38;2;153;80;23m▖[0m[38;2;38;43;89;48;2;167;87;39m▝[38;2;101;82;63;48;2;17;29;96m▖[48;2;15;28;97m [38;2;171;161;148;48;2;34;38;100m▝[38;2;220;183;188;48;2;101;96;123m▀[38;2;220;181;186;48;2;105;96;122m▀[38;2;172;161;148;48;2;35;38;100m▘[48;2;15;28;97m [38;2;101;82;63;48;2;17;29;96m▗[38;2;38;43;89;48;2;167;87;39m▘[0m[7m[38;2;153;80;23m▗[0m [38;2;37;28;0m [0m
 [38;2;0;0;0m  [38;2;149;88;17m▝[7m[38;2;161;80;32m▖[0m[38;2;59;56;81;48;2;174;79;39m▀[38;2;117;84;59;48;2;26;35;93m▖[48;2;15;28;97m  [48;2;26;35;93m▗[38;2;59;56;81;48;2;174;79;39m▀[0m[7m[38;2;161;80;32m▗[0m[38;2;149;88;17m▘[0m [38;2;58;44;0m  [0m
 [38;2;0;0;0m    [38;2;112;72;10m▝[38;2;173;79;33m▀[38;2;111;74;37;48;2;158;79;38m▞[38;2;158;79;38;48;2;111;75;37m▞[0m[38;2;173;79;33m▀[38;2;112;72;10m▘     [0m
[?25h