[?25l[0m [38;2;0;0;0m    [38;2;38;32;31m▗[7m[38;2;121;86;63m▀[0m[38;2;106;78;60;48;2;36;36;39m▞[38;2;36;36;39;48;2;106;78;60m▞[0m[7m[38;2;122;86;63m▀[0m[38;2;39;34;32m▖[0m [38;2;0;0;1m    [0m
  [38;2;69;52;42m▗[7m[38;2;128;91;66m▀[0m[38;2;106;79;61;48;2;40;39;42m▞[38;2;116;85;65;48;2;38;42;50m▀[38;2;19;34;48;48;2;42;45;51m▞[38;2;27;37;48;48;2;20;34;48m▖ [38;2;57;51;52;48;2;24;36;48m▗[38;2;115;84;64;48;2;34;41;50m▀[38;2;45;41;43;48;2;105;79;61m▞[0m[7m[38;2;128;91;66m▀[0m[38;2;72;54;44m▖[0m [38;2;1;3;4m [0m
[38;2;182;121;78;48;2;21;22;25m▗[38;2;106;77;57;48;2;40;44;51m▀[38;2;102;77;62;48;2;20;34;48m▀[38;2;82;66;58;48;2;30;38;48m▐[38;2;19;34;48;48;2;185;121;75m▀[38;2;60;54;54;48;2;172;112;71m▀[38;2;165;114;76;48;2;154;105;72m▞[38;2;22;35;48;48;2;200;129;78m▀[38;2;20;34;48m▀[38;2;56;52;53m▀[38;2;156;105;71m▀[38;2;23;35;48;48;2;184;120;75m▀[38;2;102;78;62;48;2;21;34;47m▖[38;2;100;76;61;48;2;20;34;48m▀[38;2;107;78;58;48;2;39;43;50m▀[38;2;175;119;79;48;2;25;24;26m▖[0m
[38;2;151;104;73;48;2;53;47;48m▐[48;2;20;34;48m  [38;2;20;34;47m▐[38;2;182;120;75;48;2;176;117;74m▐[38;2;190;127;80;48;2;40;44;50m▗[38;2;216;138;81;48;2;137;96;69m▗[38;2;21;34;47;48;2;206;131;77m▀▀[38;2;39;43;49;48;2;207;132;77m▀[38;2;195;129;81;48;2;135;92;65m▗[38;2;95;73;60;48;2;28;36;47m▞[38;2;167;112;73;48;2;176;119;75m▀[48;2;20;34;48m  [38;2;62;53;51;48;2;138;100;73m▐[0m
[38;2;151;104;73;48;2;53;47;48m▐[48;2;20;34;48m  [38;2;63;55;54;48;2;20;34;47m▗[38;2;210;135;80;48;2;180;119;74m▗[38;2;42;45;50;48;2;206;133;79m▀[38;2;140;98;69m▀[38;2;19;34;48m▀▀[38;2;41;44;50;48;2;176;115;72m▀[38;2;154;106;73;48;2;164;111;75m▝[38;2;67;58;55;48;2;191;124;76m▀[38;2;25;36;48;48;2;150;103;70m▗[48;2;20;34;48m  [38;2;62;53;51;48;2;138;100;73m▐[0m
[38;2;151;104;73;48;2;53;47;48m▐[38;2;22;36;49;48;2;20;34;48m▗[38;2;31;43;56m▖[38;2;100;77;62;48;2;30;40;51m▝[38;2;21;34;48;48;2;35;47;59m▀[38;2;81;67;60;48;2;20;34;48m▐[38;2;147;101;70;48;2;48;49;55m▀[38;2;20;34;48;48;2;30;40;52m▀[38;2;37;48;60;48;2;21;35;48m▖[38;2;84;69;62;48;2;27;39;53m▐[38;2;165;112;75;48;2;52;53;58m▀[38;2;21;34;48;48;2;40;49;59m▀[38;2;31;43;56;48;2;20;34;48m▗[38;2;29;42;54;48;2;21;35;48m▗[38;2;23;36;50;48;2;20;34;48m▖[38;2;62;53;51;48;2;138;100;73m▐[0m
[38;2;151;104;73;48;2;53;47;48m▐[38;2;58;68;80;48;2;20;34;48m▐[38;2;85;93;102;48;2;192;195;198m▐[38;2;106;114;122;48;2;186;189;193m▐[38;2;150;155;161;48;2;164;168;172m▐[38;2;165;169;174;48;2;121;127;135m▐[38;2;57;67;78;48;2;154;159;164m▘[38;2;185;187;189;48;2;69;79;90m▐[38;2;121;127;133;48;2;173;177;180m▝[38;2;199;201;204;48;2;56;67;78m▐[38;2;24;37;51;48;2;118;125;132m▖[38;2;156;160;165;48;2;160;165;170m▀[38;2;178;182;186;48;2;108;116;124m▐[38;2;96;102;110;48;2;192;194;197m▖[38;2;20;34;48;48;2;67;77;88m▐[38;2;62;53;51;48;2;138;100;73m▐[0m
[38;2;180;120;78m▝[38;2;128;90;66;48;2;55;50;49m▗[38;2;20;34;48;48;2;106;80;63m▀[38;2;78;88;98;48;2;22;35;48m▐[38;2;42;54;66;48;2;114;121;128m▗[38;2;69;80;91;48;2;115;122;129m▗[38;2;74;84;94;48;2;129;135;141m▐[38;2;151;155;160;48;2;83;93;102m▘[38;2;153;157;161;48;2;118;123;130m▝[38;2;131;137;143;48;2;102;110;118m▝[38;2;120;126;133;48;2;29;42;55m▐[38;2;51;63;74;48;2;112;119;126m▖[38;2;22;34;48;48;2;55;66;77m▐[38;2;20;34;48;48;2;105;79;62m▀[38;2;129;91;66;48;2;55;50;50m▖[38;2;174;118;78;48;2;22;22;25m▘[0m
  [38;2;59;45;39m▝[38;2;127;90;65m▀[38;2;37;37;41;48;2;107;79;61m▞[38;2;20;34;48;48;2;120;87;65m▀[38;2;43;44;50;48;2;20;34;48m▖[38;2;99;70;58;48;2;29;38;49m▗[38;2;63;53;52;48;2;162;109;72m▐[38;2;40;43;50;48;2;20;34;48m▗[38;2;20;34;48;48;2;119;86;65m▀[38;2;106;79;61;48;2;38;38;41m▞[0m[38;2;127;90;65m▀[38;2;62;47;40m▘[0m [38;2;1;2;3m [0m
 [38;2;0;0;0m    [38;2;30;27;28m▝[38;2;117;84;61m▀[7m[38;2;93;70;57m▖[0m[38;2;105;77;59;48;2;36;35;38m▞[0m[38;2;118;84;62m▀[38;2;32;29;29m▘     [0m
[?25h