[?25l[0m [38;2;0;0;0m   [0m [7m[38;2;68;131;145m▀[38;2;42;116;167m▀[0m[38;2;68;131;145;48;2;21;125;122m▀[38;2;68;132;145;48;2;21;124;122m▀[0m[7m[38;2;41;115;167m▀[38;2;68;132;146m▀[0m [38;2;46;84;79m    [0m
 [7m[38;2;68;132;145m▀[38;2;42;116;167m▀[0m[38;2;68;132;145;48;2;24;133;116m▀[38;2;42;116;167;48;2;43;193;80m▀[38;2;24;133;116;48;2;45;199;76m▀[38;2;41;188;85m▘[38;2;28;146;108m▐[38;2;45;199;76;48;2;27;142;110m▐[38;2;41;188;85;48;2;45;199;76m▝[38;2;24;134;116m▀[38;2;41;115;167;48;2;43;193;80m▀[38;2;68;132;146;48;2;24;134;116m▀[0m[7m[38;2;41;115;167m▀[38;2;68;132;146m▀[0m [0m
[38;2;32;94;170;48;2;94;172;162m▐[38;2;45;199;76;48;2;22;127;119m▗[38;2;41;188;85;48;2;45;199;76m▘ [38;2;41;187;86;48;2;44;199;76m▗[38;2;45;199;76;48;2;32;163;104m▀[38;2;40;186;86;48;2;17;109;131m▘[38;2;19;114;128;48;2;9;81;144m▘[48;2;9;81;145m▝[38;2;40;184;87;48;2;17;109;131m▝[38;2;45;199;76;48;2;32;162;104m▀[38;2;41;187;87;48;2;44;198;76m▖[48;2;45;199;76m [38;2;41;188;85m▝[38;2;45;199;76;48;2;23;129;118m▖[38;2;97;176;166;48;2;29;90;169m▐[0m
[38;2;74;153;188m▐[38;2;45;199;75;48;2;9;84;144m▐[38;2;42;192;83;48;2;45;199;76m▗[38;2;42;192;82;48;2;22;126;120m▀[38;2;34;164;99;48;2;21;123;122m▀[38;2;28;148;109;48;2;31;153;106m▞[38;2;26;143;112;48;2;32;156;102m▀[38;2;24;136;114;48;2;33;160;98m▀▀[38;2;26;143;112;48;2;32;156;102m▀[38;2;31;153;106;48;2;28;148;109m▞[38;2;33;164;99;48;2;21;123;122m▀[38;2;42;192;82;48;2;22;126;121m▀[38;2;42;191;83;48;2;45;199;76m▖[38;2;10;87;142;48;2;45;199;75m▐[0m[7m[38;2;72;150;187m▐[0m
[38;2;103;189;181m▐[38;2;35;167;97;48;2;10;64;162m▐[48;2;45;199;76m [38;2;44;198;76m▝[38;2;28;148;110m▀[38;2;12;96;142;48;2;44;197;77m▀[38;2;28;145;110;48;2;2;62;156m▗[38;2;44;196;78;48;2;3;63;153m▖[48;2;3;63;154m▗[38;2;26;138;113;48;2;5;72;151m▖[38;2;13;98;142;48;2;45;199;76m▀[38;2;28;147;110m▀[38;2;44;198;76m▘ [38;2;8;62;162;48;2;36;170;95m▐[0m[7m[38;2;104;190;184m▐[0m
[38;2;65;117;111m▝[38;2;96;183;197;48;2;24;99;153m▖[38;2;43;194;80;48;2;45;199;76m▖[38;2;11;90;143;48;2;42;192;81m▗[38;2;43;195;80;48;2;20;123;125m▀[38;2;32;159;103;48;2;45;199;76m▖[38;2;24;130;117;48;2;15;103;133m▞[38;2;9;81;143;48;2;45;199;76m▐[38;2;40;183;86;48;2;9;79;146m▐[38;2;34;165;97;48;2;4;67;151m▐[38;2;38;176;91;48;2;44;197;77m▗[38;2;12;93;140;48;2;39;179;90m▖[38;2;13;99;139;48;2;41;189;83m▖[38;2;43;195;79;48;2;45;199;76m▗[38;2;93;179;196;48;2;23;99;151m▗[0m[38;2;67;122;115m▘[0m
 [7m[38;2;72;144;164m▖[0m[38;2;36;173;92;48;2;20;100;143m▐[38;2;35;168;98;48;2;45;199;76m▝[38;2;35;168;99;48;2;44;198;76m▝[48;2;45;199;76m [38;2;13;95;137;48;2;41;189;82m▐[38;2;9;81;143;48;2;45;199;76m▐[38;2;16;104;132;48;2;4;65;152m▝[38;2;45;199;76;48;2;19;115;126m▐[38;2;40;184;87;48;2;45;199;76m▝[38;2;39;182;87;48;2;44;197;78m▘[38;2;39;182;89;48;2;45;199;76m▀[38;2;17;75;164;48;2;32;159;101m▗[0m[7m[38;2;72;144;166m▗[0m[38;2;12;22;21m [0m
  [7m[38;2;61;124;147m▖[0m[38;2;42;192;81;48;2;39;119;156m▝[38;2;24;131;118;48;2;44;196;78m▖[48;2;45;199;76m [38;2;26;139;117;48;2;42;192;82m▝[38;2;9;81;143;48;2;45;199;76m▐[38;2;0;50;159;48;2;0;51;159m▗[38;2;36;172;94;48;2;44;197;77m▘[48;2;45;199;76m [38;2;24;133;117;48;2;44;196;78m▗[38;2;42;193;81;48;2;39;119;155m▘[0m[7m[38;2;61;125;148m▗[0m [38;2;16;30;28m [0m
 [38;2;0;0;0m  [38;2;61;112;106m▝[38;2;55;127;172m▀[38;2;26;139;113;48;2;67;136;164m▀[38;2;44;198;76;48;2;23;116;133m▀[38;2;9;81;143;48;2;43;194;79m▐[38;2;0;50;159;48;2;0;51;159m▗[38;2;44;197;76;48;2;22;114;134m▀[38;2;26;141;112;48;2;67;136;165m▀[0m[38;2;55;126;172m▀[38;2;63;114;109m▘   [0m
 [38;2;0;0;0m    [0m [38;2;69;132;143m▀[38;2;23;68;115;48;2;57;125;161m▞[38;2;56;121;163;48;2;22;66;118m▞[0m[38;2;69;133;144m▀[0m [38;2;18;34;32m     [0m
[?25h