[?25l[0m [38;2;0;0;0m    [0m  [7m[38;2;73;81;95m▘[38;2;71;79;92m▝[0m  [38;2;42;42;42m     [0m
 [38;2;0;0;0m  [0m [7m[38;2;71;78;91m▘[0m[38;2;221;223;227;48;2;83;94;113m▖[38;2;152;160;174;48;2;54;63;78m▗[38;2;250;250;250;48;2;142;151;166m▞[38;2;101;113;134;48;2;227;229;232m▝[38;2;145;154;169;48;2;55;63;78m▖[38;2;61;73;93;48;2;176;182;192m▀[0m[7m[38;2;69;76;89m▝[0m [38;2;9;9;9m   [0m
 [38;2;0;0;0m [0m [38;2;143;152;167;48;2;53;60;73m▗[38;2;100;112;133;48;2;227;229;232m▘[38;2;79;93;117;48;2;226;227;230m▖[38;2;88;102;126;48;2;232;234;236m▗[38;2;131;141;158;48;2;17;40;75m▘[38;2;138;148;164m▝[38;2;95;108;131;48;2;233;234;236m▖[38;2;77;92;116;48;2;225;227;230m▗[38;2;94;107;129;48;2;228;230;233m▝[38;2;136;146;162;48;2;53;60;72m▖[0m [38;2;43;43;45m  [0m
 [38;2;75;79;88m▗[38;2;219;221;225;48;2;63;74;92m▗[38;2;101;114;135;48;2;227;229;232m▗[38;2;82;96;120;48;2;144;152;167m▞[38;2;231;232;235;48;2;103;116;137m▀[38;2;17;40;75;48;2;46;65;95m▝[48;2;56;74;103m▀[48;2;53;72;101m▀[38;2;55;73;101;48;2;26;48;81m▐[38;2;57;75;103;48;2;207;210;216m▖[38;2;151;158;172;48;2;90;104;126m▞[38;2;148;156;170;48;2;249;249;250m▞[38;2;214;217;222;48;2;61;72;90m▖[0m[38;2;74;78;86m▖ [0m
[7m[38;2;52;58;70m▀[0m[38;2;111;123;144;48;2;60;75;99m▗[38;2;91;105;128;48;2;167;174;186m▗[38;2;38;58;90;48;2;141;150;166m▀[38;2;77;92;117;48;2;126;136;153m▖[38;2;74;90;115;48;2;121;132;150m▖[38;2;162;170;183;48;2;118;129;147m▗[38;2;170;177;189;48;2;89;102;124m▗[38;2;142;150;164;48;2;97;110;132m▖[38;2;84;98;121;48;2;123;133;150m▝[38;2;41;60;90;48;2;111;123;142m▖[38;2;21;43;77;48;2;133;142;158m▗[38;2;60;78;105;48;2;158;165;177m▀[38;2;103;116;137;48;2;173;180;190m▖[38;2;126;133;149;48;2;44;60;87m▖[0m[38;2;63;75;96m▖[0m
[38;2;53;60;74m▀[38;2;169;175;185;48;2;39;57;87m▝[38;2;172;177;187;48;2;92;120;156m▝[38;2;154;161;174;48;2;62;85;118m▝[38;2;160;166;177;48;2;82;110;146m▝[38;2;108;119;139;48;2;18;41;76m▀[38;2;132;142;158;48;2;28;48;81m▐[38;2;16;39;74;48;2;135;144;159m▘[38;2;106;118;137;48;2;143;150;163m▐[38;2;134;142;158;48;2;30;51;84m▀[38;2;126;135;152;48;2;18;41;76m▀[38;2;127;136;153;48;2;85;120;163m▀[38;2;181;184;191;48;2;54;79;113m▘[38;2;39;58;89;48;2;111;136;168m▘[38;2;184;189;197;48;2;42;60;88m▘[0m[38;2;52;59;72m▀[0m
 [38;2;76;82;93m▝[38;2;124;166;214;48;2;56;72;96m▝[38;2;55;84;123;48;2;125;167;215m▝[38;2;136;181;231;48;2;72;104;145m▝[38;2;26;50;86;48;2;119;161;208m▝[38;2;153;161;175;48;2;24;48;84m▝[38;2;107;119;139;48;2;17;40;75m▀[38;2;139;148;163;48;2;17;39;75m▀[38;2;17;40;75;48;2;47;69;102m▞[38;2;28;52;88;48;2;120;162;209m▘[38;2;136;180;230;48;2;71;103;144m▘[38;2;58;87;126;48;2;125;167;215m▘[38;2;122;164;212;48;2;56;71;94m▘[0m[38;2;76;81;91m▘ [0m
 [38;2;0;0;0m [0m [38;2;89;124;167;48;2;52;61;76m▝[38;2;83;116;159;48;2;135;180;230m▞[38;2;49;76;114;48;2;124;166;214m▘[38;2;57;87;126;48;2;125;168;216m▝[38;2;80;114;156;48;2;17;40;75m▖[38;2;84;118;160m▗[38;2;61;91;130;48;2;126;168;216m▘[38;2;47;74;112;48;2;124;166;214m▝[38;2;63;93;133m▗[0m[7m[38;2;71;90;119m▗[0m [38;2;50;51;53m  [0m
 [38;2;0;0;0m  [0m [7m[38;2;66;78;96m▖[0m[38;2;119;160;207;48;2;59;76;100m▘[38;2;85;119;162;48;2;53;61;77m▝[38;2;62;92;131;48;2;124;166;214m▖[38;2;60;88;128;48;2;124;167;215m▗[38;2;81;115;157;48;2;53;62;76m▘[38;2;119;160;207;48;2;60;77;102m▝[0m[7m[38;2;65;76;94m▗[0m [38;2;14;14;15m   [0m
 [38;2;0;0;0m    [0m  [7m[38;2;65;76;93m▖[38;2;64;74;91m▗[0m  [38;2;41;41;42m     [0m
[?25h