[?25l[0m [38;2;0;0;0m      [38;2;34;34;34m▗[38;2;165;164;162m▖      [0m
 [38;2;0;0;0m     [38;2;138;137;135m▗[38;2;231;231;231;48;2;55;55;55m▗[0m[7m[38;2;63;63;63m▝[0m [38;2;231;229;222m     [0m
 [38;2;0;0;0m    [38;2;125;124;122m▗[38;2;31;32;32;48;2;180;179;178m▞[38;2;33;33;33;48;2;222;222;222m▗[38;2;111;111;111;48;2;248;248;248m▞[0m[7m[38;2;73;73;73m▝[0m [38;2;219;217;211m    [0m
 [38;2;0;0;0m  [0m [38;2;26;26;26m▗[38;2;185;185;185;48;2;79;79;79m▗[38;2;3;3;3;48;2;177;177;177m▗[38;2;114;115;116;48;2;20;20;21m▝[38;2;112;112;112;48;2;13;13;13m▝[38;2;54;54;54;48;2;189;189;189m▖[38;2;160;159;157;48;2;27;27;27m▞[0m[38;2;105;104;103m▖   [0m
 [38;2;159;158;155m▗[38;2;17;17;17;48;2;164;163;161m▖[38;2;227;227;227;48;2;99;99;98m▖[38;2;75;75;75;48;2;0;0;0m▝[38;2;192;192;192;48;2;80;80;80m▗[38;2;68;68;68;48;2;163;163;163m▀[38;2;189;189;189;48;2;45;45;45m▖[38;2;228;228;228;48;2;86;86;86m▗[38;2;54;54;54;48;2;139;139;139m▝[38;2;83;83;83;48;2;133;133;133m▀[38;2;199;199;199;48;2;34;35;35m▗[38;2;105;104;102;48;2;176;176;176m▀[38;2;152;151;150;48;2;115;114;113m▞[0m[38;2;28;28;28m▖[0m
[38;2;112;112;110m▗[38;2;13;13;13;48;2;135;134;133m▞[38;2;215;215;215;48;2;95;95;95m▀[38;2;213;213;213;48;2;63;63;63m▀[38;2;43;43;43;48;2;132;132;132m▐[38;2;251;251;251;48;2;109;109;109m▘[38;2;1;1;1;48;2;162;162;162m▀[38;2;156;156;156;48;2;24;24;24m▖[38;2;254;254;254;48;2;111;111;111m▝[38;2;149;149;149;48;2;154;154;154m▝[38;2;38;38;38;48;2;134;134;134m▐[38;2;142;142;142;48;2;39;39;39m▐[38;2;147;147;147;48;2;163;163;163m▘[38;2;98;98;98;48;2;171;171;171m▗[0m[7m[38;2;39;40;40m▐[0m
    [38;2;16;16;16m▝[38;2;124;125;127;48;2;54;54;55m▝[38;2;2;2;2;48;2;117;118;120m▝[38;2;120;120;122;48;2;25;25;25m▝[38;2;8;8;8;48;2;127;127;129m▝[38;2;142;143;144;48;2;63;63;64m▞[38;2;17;17;17;48;2;127;127;126m▞[0m[38;2;122;121;119m▀[0m   [0m
 [38;2;0;0;0m    [38;2;112;111;110m▝[38;2;137;137;137;48;2;18;18;19m▞[38;2;24;24;24;48;2;146;147;149m▝[38;2;137;137;139;48;2;46;47;47m▞[0m[7m[38;2;55;55;55m▗[0m [38;2;209;207;202m    [0m
 [38;2;0;0;0m     [38;2;132;131;129m▝[38;2;120;120;121;48;2;21;21;21m▞[0m[7m[38;2;47;47;47m▗[0m [38;2;228;226;219m     [0m
 [38;2;0;0;0m      [38;2;31;31;31m▝[38;2;159;158;155m▘      [0m
[?25h