[?25l[0m[38;2;211;184;147m▗[7m[38;2;202;177;143m▀▀▀▀[0m[38;2;216;194;166m▖[38;2;203;164;109m▗[38;2;41;61;71;48;2;198;178;148m▗[0m[38;2;72;84;88m▖[7m[38;2;213;186;148m▀[38;2;202;177;143m▀▀▀▀[0m[38;2;211;184;147m▖[0m
[38;2;137;105;59;48;2;229;210;185m▐[48;2;0;0;0m  [38;2;195;176;151;48;2;22;22;22m▗[38;2;99;97;94;48;2;192;157;107m▘[38;2;209;174;127;48;2;197;151;87m▘[38;2;189;146;85;48;2;197;151;86m▗[38;2;41;61;71m▐[38;2;46;63;71;48;2;41;61;71m▝[38;2;127;109;78;48;2;54;68;72m▝[38;2;63;63;53;48;2;126;106;72m▞[38;2;163;126;74;48;2;19;14;8m▖[48;2;0;0;0m  [38;2;228;209;183;48;2;135;103;58m▐[0m
[38;2;137;105;59;48;2;229;210;185m▐[48;2;0;0;0m [38;2;205;189;168;48;2;25;25;25m▗[38;2;211;182;144;48;2;197;151;86m▘  [38;2;170;133;82m▐[38;2;41;61;71m▐[48;2;41;61;71m   [38;2;175;137;82;48;2;59;70;72m▝[38;2;179;137;78;48;2;21;16;9m▖[48;2;0;0;0m [38;2;228;209;183;48;2;135;103;58m▐[0m
[38;2;137;105;59;48;2;229;210;185m▐[48;2;0;0;0m [38;2;213;181;136;48;2;57;57;57m▐[38;2;122;93;52;48;2;194;149;85m▗[38;2;160;122;69;48;2;190;146;84m▖[38;2;173;135;82;48;2;191;147;85m▗[38;2;197;151;86;48;2;149;121;80m▘[38;2;41;61;71;48;2;197;151;86m▐[38;2;117;103;77;48;2;51;66;71m▗[38;2;41;61;71;48;2;172;135;83m▀[38;2;91;89;75;48;2;177;136;77m▀[38;2;213;187;153;48;2;151;119;74m▗[38;2;48;36;20;48;2;197;151;86m▐[48;2;0;0;0m [38;2;228;209;183;48;2;135;103;58m▐[0m
[38;2;137;105;59;48;2;229;210;185m▐[48;2;0;0;0m [38;2;191;164;127;48;2;60;60;60m▐[38;2;118;90;50;48;2;185;143;84m▝[38;2;59;45;24;48;2;4;3;1m▖[38;2;80;61;34;48;2;0;0;0m▀[38;2;200;157;98;48;2;134;116;92m▐[38;2;57;69;72;48;2;180;141;84m▝[38;2;97;74;40;48;2;179;137;78m▗[38;2;81;61;34;48;2;0;0;0m▀[38;2;70;70;70;48;2;4;3;1m▗[38;2;208;172;123;48;2;149;132;108m▞[38;2;50;38;22;48;2;170;134;83m▐[48;2;0;0;0m [38;2;228;209;183;48;2;135;103;58m▐[0m
[38;2;137;105;59;48;2;229;210;185m▐[48;2;0;0;0m [38;2;211;177;129;48;2;60;60;60m▐[38;2;192;147;85;48;2;139;115;79m▞[38;2;17;12;6;48;2;171;131;74m▝[48;2;0;0;0m [38;2;201;187;169;48;2;26;26;26m▝[38;2;213;182;140;48;2;197;150;86m▖[38;2;174;133;75;48;2;22;17;9m▘[48;2;0;0;0m [38;2;19;19;19;48;2;189;167;138m▘[38;2;188;145;84;48;2;66;74;73m▘[38;2;50;38;22;48;2;166;131;82m▐[48;2;0;0;0m [38;2;228;209;183;48;2;135;103;58m▐[0m
[38;2;137;105;59;48;2;229;210;185m▐[48;2;0;0;0m [38;2;211;177;129;48;2;59;59;59m▐[38;2;185;143;84;48;2;197;151;86m▝[38;2;166;131;82;48;2;190;146;85m▘[38;2;188;144;82;48;2;36;27;15m▖[48;2;0;0;0m [38;2;141;122;95m▀ [38;2;212;190;162;48;2;42;42;42m▗[38;2;51;66;71;48;2;178;145;97m▗[38;2;52;67;71;48;2;40;60;70m▗[38;2;49;37;21;48;2;171;135;83m▐[48;2;0;0;0m [38;2;228;209;183;48;2;135;103;58m▐[0m
[38;2;165;127;74m▝[38;2;14;11;5;48;2;170;141;101m▀[38;2;45;35;21;48;2;0;0;0m▞[38;2;170;130;73;48;2;14;11;6m▀[38;2;109;84;47;48;2;189;145;83m▖[38;2;155;118;67;48;2;197;151;86m▝[38;2;100;76;42;48;2;0;0;0m▖ [38;2;120;118;116m▗[38;2;178;140;86;48;2;193;170;138m▐[38;2;71;77;73;48;2;120;96;60m▀[38;2;133;108;70;48;2;15;11;6m▀[38;2;0;0;0;48;2;45;34;19m▞[38;2;14;10;5;48;2;169;140;100m▀[0m[38;2;164;126;73m▘[0m
  [38;2;154;122;77m▝[38;2;39;29;16;48;2;218;195;164m▀[38;2;0;0;0;48;2;98;76;45m▀[38;2;111;85;48;48;2;21;16;8m▝[38;2;164;126;70;48;2;15;11;6m▘[48;2;0;0;0m [38;2;181;159;128;48;2;17;16;15m▝[38;2;112;85;48;48;2;21;16;8m▘[38;2;0;0;0;48;2;97;75;45m▀[38;2;38;29;16;48;2;218;195;163m▀[0m[38;2;153;120;76m▘[0m [38;2;240;233;221m [0m
 [38;2;0;0;0m   [38;2;232;217;196m▝[38;2;187;159;121m▀[38;2;74;56;31;48;2;235;223;206m▀[38;2;6;4;2;48;2;214;188;151m▀[38;2;73;56;31;48;2;235;223;206m▀[0m[38;2;186;159;121m▀[38;2;232;217;195m▘    [0m
[?25h