[?25l[0m [38;2;174;182;159m▗[7m[38;2;199;194;167m▀[38;2;159;170;143m▀[0m[38;2;219;212;191m▀[0m [38;2;242;234;219m    [0m [38;2;218;211;190m▀[7m[38;2;158;169;142m▀[38;2;198;193;166m▀[0m[38;2;170;180;156m▖[0m [0m
[38;2;40;97;63m▗[38;2;185;187;158;48;2;70;114;82m▝[38;2;24;86;51;48;2;192;193;168m▞[0m[38;2;187;187;161m▀[38;2;230;222;202m▘      [38;2;230;222;203m▝[38;2;187;187;161m▀[38;2;191;193;167;48;2;24;86;52m▞[38;2;186;188;159;48;2;66;112;79m▘[0m[38;2;38;96;61m▖[0m
[38;2;0;74;38;48;2;188;190;164m▐[38;2;118;144;113;48;2;90;126;94m▖[0m[7m[38;2;77;120;87m▐[0m[38;2;242;234;220m [0m [7m[38;2;205;202;180m▀[0m[38;2;235;226;206m▖  [38;2;235;226;207m▗[7m[38;2;204;201;178m▀[0m [38;2;243;238;227m [38;2;77;120;87m▐[38;2;116;143;112;48;2;91;127;95m▗[38;2;189;191;164;48;2;0;75;38m▐[0m
[38;2;128;151;122m▝[38;2;170;180;155;48;2;44;99;65m▖[38;2;198;197;172;48;2;11;81;44m▝[0m[38;2;198;198;175m▖[38;2;0;74;37;48;2;187;193;170m▗[38;2;217;213;194;48;2;110;138;107m▐[0m[7m[38;2;231;222;202m▞[0m[38;2;203;198;171m▖[38;2;207;201;175m▗[38;2;229;221;200m▞[38;2;115;142;112;48;2;218;214;196m▐[38;2;215;212;192;48;2;57;108;75m▐[0m[38;2;198;198;175m▗[38;2;198;197;172;48;2;11;81;44m▘[38;2;173;182;157;48;2;43;99;65m▗[0m[38;2;131;154;124m▘[0m
  [7m[38;2;104;137;106m▖[0m[38;2;112;140;110;48;2;31;91;56m▞[38;2;165;173;144;48;2;1;75;38m▘[0m[7m[38;2;58;109;75m▝[0m[38;2;70;113;81;48;2;213;209;186m▞[0m[38;2;233;224;204m▘[38;2;236;227;208m▝[38;2;215;210;187;48;2;71;113;81m▞[0m[7m[38;2;60;110;77m▘[0m[38;2;156;167;139;48;2;0;75;38m▝[38;2;28;89;55;48;2;111;140;110m▞[38;2;239;229;210;48;2;103;136;106m▗[0m [38;2;238;231;216m [0m
 [38;2;0;0;0m [38;2;109;138;107m▝[38;2;186;193;172;48;2;149;170;154m▖[38;2;42;101;72;48;2;152;166;143m▀[38;2;51;105;71;48;2;0;75;38m▖[38;2;3;76;39;48;2;112;146;128m▀[38;2;12;81;46;48;2;45;102;68m▖[38;2;7;77;42;48;2;47;103;70m▗[38;2;4;76;40;48;2;114;148;130m▀[38;2;42;99;64;48;2;0;75;38m▗[38;2;43;102;72;48;2;151;164;141m▀[38;2;186;193;172;48;2;152;173;157m▗[0m[38;2;96;131;99m▘  [0m
 [38;2;0;0;0m   [0m [38;2;46;99;66;48;2;201;201;178m▐[38;2;79;125;101;48;2;2;76;39m▗[38;2;43;101;72;48;2;229;233;231m▘[38;2;64;115;89;48;2;231;235;233m▝[38;2;105;144;124;48;2;1;75;38m▖[38;2;186;190;165;48;2;37;94;60m▐[0m [38;2;243;237;225m    [0m
 [38;2;0;0;0m   [38;2;211;207;183m▗[38;2;119;145;114;48;2;2;76;39m▘[38;2;87;125;93;48;2;10;81;46m▗[38;2;127;156;140;48;2;48;104;74m▘[38;2;126;153;138;48;2;45;102;72m▝[38;2;102;133;103;48;2;14;84;49m▖[38;2;87;125;92;48;2;0;75;38m▝[0m[38;2;180;185;158m▖    [0m
 [38;2;0;0;0m   [38;2;78;120;87m▝[38;2;132;156;128;48;2;13;82;46m▖[38;2;53;104;70;48;2;0;75;37m▝[38;2;154;167;137;48;2;235;219;192m▞[38;2;107;139;107;48;2;225;212;185m▘[38;2;90;127;95;48;2;1;75;38m▘[38;2;121;148;119;48;2;9;80;43m▗[0m[38;2;44;98;64m▘    [0m
 [38;2;0;0;0m    [0m [38;2;93;130;99m▝[38;2;78;118;86;48;2;236;224;202m▘[38;2;114;141;110;48;2;236;223;200m▝[0m[38;2;77;121;88m▘[0m [38;2;240;234;220m     [0m
[?25h