[?25l[0m        [38;2;245;242;234m        [0m
   [38;2;238;237;231m   [0m [38;2;120;151;185m▀[0m [38;2;209;215;220m       [0m
 [38;2;102;138;178m▖     [0m  [38;2;156;177;199m       [0m
[7m[38;2;237;107;124m▀[0m     [38;2;94;132;176m▗[0m  [38;2;235;235;230m [0m [7m[38;2;113;146;183m▀[38;2;79;121;170m▀[38;2;89;128;174m▀[0m [38;2;143;167;194m [0m
[38;2;232;6;43;48;2;232;14;49m▐[38;2;235;71;96;48;2;232;8;45m▝[0m[7m[38;2;232;6;43m▀▀[38;2;232;8;45m▀[38;2;232;6;43m▀▀[0m[38;2;236;93;113;48;2;234;53;81m▘[0m[38;2;232;19;53m▘[7m[38;2;20;78;147m▘[0m[38;2;2;65;140;48;2;0;64;140m▘[0m[7m[38;2;64;111;164m▗[38;2;72;116;167m▖[0m[38;2;245;242;234;48;2;0;64;140m [38;2;2;65;140m▝[0m[7m[38;2;50;100;159m▐[0m
[38;2;232;6;43;48;2;232;14;49m▐[48;2;232;6;43m  [38;2;233;32;63;48;2;232;7;43m▗[38;2;232;6;43;48;2;236;88;109m▀[0m[38;2;232;9;45m▀[38;2;235;82;104;48;2;233;29;62m▀[0m[38;2;233;38;69m▘[38;2;47;98;158;48;2;0;64;140m▘ [38;2;66;111;165;48;2;6;68;142m▗[0m  [38;2;16;75;146m▀[38;2;0;64;140m▀[38;2;25;82;149m▘[0m
   [38;2;235;66;91m▗[7m[38;2;233;32;64m▘[0m[38;2;237;102;121;48;2;232;7;44m▗[0m[38;2;234;64;90m▘[38;2;16;75;146m▐[48;2;0;64;140m  [38;2;74;117;168m▝[38;2;36;90;153;48;2;107;142;181m▞[38;2;78;121;170;48;2;0;64;140m▖[38;2;1;64;140m▝[0m[7m[38;2;13;73;145m▝[0m[38;2;35;89;153m▖[0m
  [7m[38;2;233;44;73m▘[0m[38;2;232;7;44;48;2;232;6;43m▘[38;2;232;10;46m▗[0m[38;2;235;75;99m▘ [38;2;15;75;146m▐[48;2;0;64;140m  [38;2;54;103;160;48;2;5;68;142m▗[0m [38;2;91;130;174m▐[48;2;0;64;140m  [38;2;80;122;170;48;2;4;67;141m▝[0m
 [7m[38;2;232;7;44m▘[0m[38;2;239;147;157;48;2;232;6;43m  [38;2;237;101;120m▐[0m[38;2;237;101;120m  [0m [38;2;63;109;164;48;2;0;64;140m▖ [38;2;51;101;159m▐[0m[38;2;51;101;159m [38;2;91;130;175m▐[48;2;0;64;140m  [0m[7m[38;2;13;73;145m▗[0m
[38;2;234;45;74m▐[38;2;232;6;43m▀▀▀▘   [38;2;112;145;183m▝[38;2;3;66;141m▀[38;2;0;64;140;48;2;64;110;164m▀[0m[7m[38;2;13;73;145m▀[0m[38;2;115;148;184;48;2;9;70;143m▘[38;2;0;64;140;48;2;73;116;167m▀[0m[38;2;13;73;145m▀[0m [0m
[?25h