[?25l[0m [38;2;0;0;0m     [38;2;165;164;162m▗[38;2;68;71;72;48;2;179;185;187m▞[38;2;172;185;190;48;2;73;76;77m▖[38;2;207;206;203;48;2;28;28;28m▐[0m[38;2;207;206;203m  [0m [7m[38;2;102;106;107m▘[0m[38;2;188;202;208;48;2;88;92;94m▖[38;2;131;131;131;48;2;28;28;28m▐[0m
 [38;2;0;0;0m    [0m [38;2;22;23;24;48;2;166;165;163m▐[38;2;147;158;163;48;2;106;113;117m▖[38;2;13;14;15;48;2;0;0;0m▘[38;2;202;200;197m▐[0m[38;2;202;200;197m  [38;2;28;28;28m▐[38;2;71;77;79;48;2;131;140;145m▘[38;2;39;42;43;48;2;5;6;6m▘[38;2;116;116;116;48;2;0;0;0m▐[0m
 [38;2;0;0;0m    [38;2;39;40;41m▗[38;2;40;41;42;48;2;154;165;170m▘[38;2;119;128;132;48;2;23;25;26m▘[38;2;95;94;94;48;2;0;0;0m▗[0m[38;2;73;73;73m▘ [38;2;67;67;67m▗[38;2;192;206;212;48;2;91;96;98m▗[38;2;30;32;33;48;2;117;126;130m▐[38;2;32;32;32;48;2;0;0;0m▗[0m[38;2;20;20;20m▘[0m
 [38;2;0;0;0m  [0m [38;2;54;57;59;48;2;187;186;182m▗[38;2;42;45;46;48;2;173;186;191m▘[38;2;174;187;192;48;2;21;22;23m▘[38;2;102;102;102;48;2;0;0;0m▗[0m[38;2;120;119;118m▘[0m [38;2;44;45;45m▗[38;2;55;55;56;48;2;155;166;171m▘[38;2;191;205;211;48;2;60;65;67m▘[38;2;63;63;63;48;2;0;0;0m▗[0m[38;2;45;44;44m▘ [0m
 [38;2;0;0;0m  [48;2;186;184;181m▗[38;2;187;200;206;48;2;42;46;47m▝[38;2;172;184;190;48;2;34;37;38m▀[38;2;34;37;38;48;2;135;145;150m▖[38;2;138;148;152;48;2;189;203;208m▀[48;2;57;61;63m▀[48;2;34;37;38m▀[38;2;151;163;167m▀[38;2;188;202;208;48;2;29;31;32m▘[38;2;104;103;103;48;2;0;0;0m▗[0m[38;2;78;78;78m▘  [0m
 [38;2;0;0;0m [0m [38;2;144;144;143m▞[38;2;96;96;95m▀[38;2;34;36;37;48;2;118;118;117m▐[38;2;191;204;210;48;2;103;111;114m▞[38;2;165;177;182;48;2;21;22;22m▘[0m[38;2;21;21;21m▀[38;2;96;96;95m▀▀▀[38;2;141;141;139m▘   [0m
   [38;2;31;33;34;48;2;128;127;126m▐[38;2;166;165;163;48;2;74;76;77m▝[38;2;164;176;181;48;2;41;44;46m▞[38;2;3;3;3;48;2;90;93;94m▞[0m[7m[38;2;116;115;114m▝[0m[38;2;174;173;171m▖[0m [38;2;245;242;235m      [0m
 [38;2;107;106;105m▝[7m[38;2;52;54;55m▖[0m[38;2;71;76;78;48;2;156;167;172m▖[38;2;105;113;116;48;2;155;166;171m▖[38;2;191;205;211;48;2;156;167;172m▖[38;2;36;39;40;48;2;120;125;126m▞[0m[38;2;98;98;97m▘[0m [38;2;245;242;235m       [0m
 [38;2;145;144;142m▗[38;2;41;41;42m▀[38;2;74;79;81m▀[38;2;136;146;150;48;2;33;34;34m▀[0m[7m[38;2;83;84;84m▗[0m[38;2;64;66;67m▀[38;2;44;44;44m▘[38;2;233;231;227m▖       [0m
 [38;2;0;0;0m  [0m [38;2;29;29;29m▝[0m [38;2;232;230;226m          [0m
[?25h