[?25l[0m[7m[38;2;251;250;250m▝[0m[38;2;250;248;245m▖[0m [38;2;235;229;237m▗[38;2;194;175;205m▖[0m  [38;2;207;192;215m▗[38;2;218;208;224m▖[0m  [38;2;192;171;203m▗[38;2;249;247;243m▗ [38;2;250;249;246m▗[38;2;252;251;250;48;2;246;244;242m▐[0m
[38;2;166;135;182;48;2;253;253;253m▐[38;2;206;190;214;48;2;106;48;134m▀[38;2;246;244;245;48;2;138;94;159m▀[38;2;170;140;186;48;2;103;43;132m▘[38;2;119;68;145;48;2;102;41;131m▐[38;2;241;238;242;48;2;198;180;208m▐[38;2;236;231;237;48;2;128;80;151m▀[38;2;138;96;160;48;2;101;41;131m▘[38;2;150;113;169;48;2;102;41;131m▝[38;2;240;237;240;48;2;132;85;155m▀[38;2;220;209;225;48;2;113;58;139m▀[38;2;114;61;141;48;2;102;41;131m▘[38;2;176;150;191;48;2;108;52;136m▐[38;2;174;146;188;48;2;244;242;244m▗[38;2;236;231;239;48;2;123;72;147m▘[38;2;253;253;253;48;2;164;132;180m▐[0m
[38;2;164;131;180;48;2;253;253;253m▐[48;2;102;41;131m  [38;2;111;57;138m▐[38;2;208;193;216;48;2;117;65;142m▀[38;2;168;137;184;48;2;103;43;131m▘[48;2;102;41;131m     [38;2;158;124;176;48;2;112;57;138m▝[38;2;211;198;219;48;2;108;52;136m▀[38;2;114;59;140;48;2;102;41;131m▘ [38;2;253;253;253;48;2;163;131;180m▐[0m
[38;2;165;133;181;48;2;253;253;253m▐[38;2;180;160;193;48;2;138;98;160m▀[38;2;198;183;207;48;2;138;98;159m▝[38;2;198;184;207;48;2;136;95;158m▘[38;2;131;87;154;48;2;166;138;182m▐[38;2;186;166;197;48;2;143;106;163m▀[38;2;200;187;209;48;2;140;100;161m▝[38;2;200;186;209;48;2;135;94;157m▘[38;2;186;167;198;48;2;141;102;162m▀[38;2;185;165;197;48;2;131;89;154m▘[38;2;205;194;213;48;2;154;124;173m▘[38;2;169;143;184;48;2;135;94;157m▀[38;2;172;147;186;48;2;138;97;160m▝[38;2;156;123;174;48;2;128;83;152m▀[38;2;166;137;181;48;2;146;109;166m▀[38;2;253;253;253;48;2;164;133;181m▐[0m
[38;2;164;131;180;48;2;242;239;244m▗[38;2;102;41;131;48;2;196;176;207m▖[38;2;102;42;131;48;2;223;213;228m▗[38;2;138;95;159;48;2;226;217;230m▖[38;2;203;187;212;48;2;116;62;142m▀[38;2;141;99;163;48;2;211;198;218m▗[38;2;102;41;131;48;2;186;163;198m▖[38;2;112;58;138;48;2;202;184;211m▗[38;2;102;41;131;48;2;226;219;231m▖[38;2;200;184;210;48;2;110;55;137m▀[38;2;181;155;195;48;2;202;184;211m▖[38;2;197;179;207;48;2;207;191;216m▀[38;2;102;41;131;48;2;226;219;231m▗[38;2;100;38;129;48;2;201;183;210m▖[38;2;171;139;186;48;2;196;176;206m▗[38;2;253;253;253;48;2;212;199;219m▐[0m
[38;2;163;131;180;48;2;253;253;252m▐[38;2;169;137;185;48;2;109;53;137m▗[38;2;234;228;237;48;2;113;58;139m▖[38;2;112;58;139;48;2;230;223;234m▖[38;2;101;40;130;48;2;131;83;154m▐[38;2;141;99;162;48;2;191;171;202m▐[38;2;188;167;200;48;2;101;40;130m▐[38;2;116;65;141;48;2;254;254;254m▐[38;2;228;224;232;48;2;101;40;130m▐[38;2;101;40;130;48;2;122;74;146m▐[38;2;226;218;231;48;2;152;115;171m▀[38;2;101;42;130;48;2;100;40;130m▐[38;2;164;131;180;48;2;243;241;244m▐[38;2;157;123;175;48;2;167;135;183m▀[38;2;102;42;131;48;2;128;82;152m▐[38;2;253;253;252;48;2;166;136;182m▐[0m
[38;2;232;232;232;48;2;249;248;244m▐[38;2;208;208;209;48;2;112;115;114m▀[38;2;211;211;211;48;2;111;114;113m▀[38;2;211;211;212;48;2;114;117;116m▀[38;2;219;219;220;48;2;245;245;246m▐[38;2;209;209;210;48;2;158;160;159m▀[38;2;208;208;209;48;2;154;156;155m▀[38;2;210;210;211;48;2;131;134;133m▀[38;2;209;209;210;48;2;110;113;112m▀[38;2;208;208;209;48;2;111;114;113m▀[38;2;206;206;208m▀▀[38;2;209;209;210m▀[38;2;206;206;208m▀[48;2;112;115;114m▀[38;2;249;248;244;48;2;233;233;234m▐[0m
[38;2;251;250;248m▝[38;2;110;113;112;48;2;215;215;215m▝[38;2;148;150;149;48;2;227;227;227m▀[38;2;232;232;232;48;2;126;129;128m▀[38;2;110;113;112;48;2;221;221;221m▖[38;2;165;167;167;48;2;236;236;236m▐[38;2;193;194;194;48;2;111;114;113m▀[38;2;218;218;218m▀[38;2;229;229;229;48;2;124;127;126m▀[38;2;161;163;163;48;2;198;199;199m▞[38;2;114;117;116;48;2;228;229;229m▀[38;2;169;171;170;48;2;116;119;118m▖[38;2;110;113;112;48;2;111;114;113m▖[38;2;114;117;116m▗[38;2;110;113;112;48;2;212;213;212m▘[0m[38;2;251;250;248m▘[0m
 [38;2;250;249;246m▝[38;2;138;140;139;48;2;247;247;244m▝[38;2;206;207;207;48;2;122;125;124m▖[48;2;111;114;113m [38;2;218;219;218;48;2;132;135;134m▀[38;2;138;140;140;48;2;228;228;228m▀[38;2;148;150;150;48;2;111;114;113m▖  [38;2;152;154;154;48;2;112;115;114m▝[38;2;214;215;215;48;2;111;114;113m▀[38;2;157;159;158;48;2;225;225;225m▖[38;2;204;205;204;48;2;245;244;241m▘[0m[38;2;250;248;245m▘ [0m
 [38;2;0;0;0m [0m [38;2;250;249;246m▝[38;2;195;196;196m▝[38;2;146;148;147;48;2;249;248;244m▀[38;2;143;145;144;48;2;241;241;239m▀[38;2;236;237;237;48;2;226;226;226m▐[38;2;170;171;171;48;2;253;253;252m▀[38;2;118;121;120;48;2;251;250;248m▀[38;2;146;148;147;48;2;249;247;243m▀[0m[38;2;194;196;195m▘[38;2;250;248;245m▘   [0m
[?25h