[?25l[0m [38;2;0;0;0m  [38;2;144;144;144m🬉[7m[38;2;102;102;102m▐[0m[38;2;126;126;126m▐[38;2;143;143;143m🬢         [0m
 [38;2;0;0;0m  [38;2;190;190;190;48;2;113;113;113m🬞[38;2;143;143;143;48;2;70;70;70m🬱[0m [38;2;245;245;245;48;2;139;139;139m🬞[0m[38;2;128;128;128m🬱[38;2;172;162;138m🬭[38;2;140;131;106m🬭[0m  [38;2;4;4;4m    [0m
 [38;2;0;0;0m  [7m[38;2;147;147;147m🬏[0m[38;2;147;147;147;48;2;246;246;246m🬁[0m[38;2;199;199;199m🬱[38;2;115;115;115;48;2;185;185;185m🬌[38;2;241;241;241;48;2;153;142;113m🬄[38;2;253;196;46;48;2;184;155;79m🬍[38;2;200;163;64;48;2;253;196;46m🬭[38;2;202;167;76;48;2;245;190;44m🬁[38;2;144;135;112;48;2;244;189;44m🬂[0m[7m[38;2;182;154;81m🬂[0m[38;2;139;137;132m🬏  [0m
 [38;2;0;0;0m  [0m [7m[38;2;191;191;191m🬱[0m[38;2;156;156;156;48;2;249;249;249m🬭[38;2;202;202;202;48;2;254;254;254m🬭[38;2;245;245;245m🬏 [38;2;247;247;247m🬁[38;2;252;252;252;48;2;177;165;133m🬓[38;2;97;64;66;48;2;248;192;45m🬭[38;2;109;70;84;48;2;254;197;47m🬭[38;2;212;166;45;48;2;125;98;100m🬌[0m[38;2;125;120;127m🬓 [0m
 [38;2;0;0;0m    [38;2;127;127;127m🬞[38;2;128;105;86;48;2;83;58;91m🬂[38;2;120;85;50;48;2;76;45;110m🬭[38;2;221;221;221;48;2;83;62;88m🬁[38;2;71;32;119;48;2;229;229;229m🬭[38;2;220;220;220;48;2;60;37;81m🬀[38;2;170;131;41;48;2;71;39;89m🬭[38;2;194;147;129;48;2;83;47;103m🬱[38;2;75;36;125;48;2;163;124;69m🬂[38;2;60;29;99;48;2;179;149;96m🬀[0m[7m[38;2;136;133;124m▐[0m
 [38;2;0;0;0m [38;2;99;97;93m🬭[7m[38;2;158;136;77m🬂[0m[38;2;112;109;101;48;2;206;161;39m🬂[38;2;173;135;32;48;2;210;169;58m🬍[38;2;215;166;37;48;2;146;112;22m🬭[38;2;80;61;11;48;2;235;182;42m🬀[38;2;237;183;42;48;2;188;145;30m🬟[38;2;121;90;28;48;2;249;193;45m🬆[38;2;250;194;46;48;2;167;128;54m🬅[38;2;128;97;46;48;2;213;162;142m🬌[38;2;230;175;154;48;2;181;137;117m🬆[38;2;206;159;46;48;2;181;137;119m🬭[38;2;251;194;46;48;2;190;146;108m🬭[0m[7m[38;2;170;155;122m🬉[0m
[38;2;144;144;144m🬞[7m[38;2;137;128;104m🬀[0m[38;2;198;153;33;48;2;118;107;79m🬅[0m[7m[38;2;197;158;56m🬭[38;2;221;181;74m🬭[38;2;188;156;73m🬭[38;2;165;138;66m🬏[0m[38;2;213;166;39;48;2;251;195;46m🬑[38;2;176;136;28;48;2;246;191;45m🬭[38;2;140;107;24;48;2;243;188;44m🬅[38;2;203;155;136;48;2;125;95;76m🬞[38;2;148;111;97;48;2;235;179;157m🬭[38;2;171;130;105;48;2;176;136;32m🬀[38;2;200;155;33;48;2;129;97;60m🬆[38;2;224;171;150;48;2;171;130;94m🬋[0m[7m[38;2;156;142;137m🬁[0m
[38;2;122;122;122m🬂[0m [38;2;20;20;20m    [0m [38;2;179;138;30;48;2;129;124;110m🬉[38;2;71;54;10;48;2;212;164;37m🬀[38;2;244;189;44;48;2;144;111;23m🬣[38;2;236;180;158;48;2;136;115;95m🬁[0m[7m[38;2;159;139;129m🬏[0m[38;2;159;147;112;48;2;150;116;26m🬞[0m[38;2;114;112;111m🬆[0m  [0m
 [38;2;0;0;0m      [0m [38;2;165;129;33;48;2;132;130;125m▐[38;2;134;103;20;48;2;183;142;33m🬈[0m[7m[38;2;125;125;125m🬉[38;2;108;107;104m🬟[0m[38;2;97;96;92m🬆   [0m
 [38;2;0;0;0m       [38;2;147;114;26;48;2;140;136;127m🬉[0m[7m[38;2;134;121;86m🬞[0m [38;2;23;23;23m     [0m
[?25h