[?25l[0m[38;2;248;247;243m▗[38;2;246;245;242m▖ [0m [38;2;145;142;142m▗[7m[38;2;120;107;107m▀[38;2;87;87;87m▀[0m[38;2;217;216;213;48;2;28;21;21m▀[38;2;173;172;171;48;2;139;0;0m▀[38;2;211;210;207;48;2;90;0;0m▀[0m[38;2;112;112;112m▖[0m [38;2;221;220;220m▗[38;2;52;52;52;48;2;240;239;235m▖[0m [0m
[38;2;125;125;125;48;2;249;248;244m▐[38;2;216;216;214;48;2;57;57;57m▝[0m[38;2;54;54;54m▖[0m [38;2;40;0;0;48;2;164;164;164m▐[38;2;62;0;0;48;2;145;4;4m▝[38;2;9;0;0;48;2;139;0;0m▀[38;2;0;0;0;48;2;89;0;0m▀[38;2;1;0;0;48;2;73;0;0m▀[38;2;13;0;0;48;2;76;0;0m▀[38;2;3;3;3;48;2;68;0;0m▀[38;2;75;63;63;48;2;93;0;0m▀[38;2;141;141;141;48;2;52;16;16m▘[38;2;203;203;203;48;2;64;64;64m▖[0m[7m[38;2;182;182;182m▐[0m
[38;2;47;47;47;48;2;246;245;243m▐[38;2;222;222;222;48;2;146;146;146m▐[38;2;78;78;78;48;2;6;6;6m▖[38;2;244;243;242;48;2;41;41;41m▝[38;2;216;216;216;48;2;10;0;0m▘[38;2;240;204;204;48;2;199;34;34m▝[38;2;230;167;167;48;2;225;137;137m▘[38;2;239;205;205;48;2;210;58;58m▗[38;2;185;56;56;48;2;225;136;136m▀[38;2;150;39;39;48;2;236;183;183m▀[38;2;148;43;43;48;2;225;135;135m▀[38;2;20;13;13;48;2;139;0;0m▗[38;2;45;45;45;48;2;1;0;0m▐[38;2;100;100;100;48;2;224;224;224m▐[38;2;251;251;249;48;2;80;80;80m▐[0m
[38;2;235;235;234m▝[38;2;190;190;190;48;2;41;41;41m▞[38;2;0;0;0;48;2;100;100;100m▐[38;2;70;70;70;48;2;161;161;161m▀[38;2;21;21;21;48;2;153;153;153m▀[38;2;152;152;152;48;2;25;10;10m▖[38;2;136;0;0;48;2;0;0;0m▀[38;2;199;9;9;48;2;27;0;0m▀[38;2;208;34;34;48;2;64;0;0m▀[38;2;210;49;49;48;2;26;0;0m▀[38;2;10;10;10;48;2;141;57;57m▖[38;2;52;19;19;48;2;170;170;170m▘[38;2;50;50;50;48;2;160;160;160m▝[38;2;4;4;4;48;2;33;33;33m▗[0m[7m[38;2;190;190;190m▐[0m
 [38;2;236;236;236m▗[38;2;15;15;15;48;2;0;0;0m▘[38;2;87;87;87;48;2;141;141;141m▖[38;2;75;75;75;48;2;184;184;184m▗[38;2;145;145;145;48;2;13;13;13m▝[38;2;70;70;70;48;2;159;159;159m▞[38;2;0;0;0;48;2;121;121;121m▀[38;2;3;3;3;48;2;159;159;159m▀[38;2;6;6;6;48;2;137;137;137m▘[38;2;94;94;94;48;2;144;144;144m▐[38;2;118;118;118;48;2;29;29;29m▐[38;2;122;122;122;48;2;189;189;189m▞[38;2;100;100;100;48;2;6;6;6m▘[38;2;251;250;249;48;2;89;89;89m▐[0m
 [38;2;249;248;245m▝[38;2;45;45;45;48;2;201;201;201m▐[38;2;104;104;104;48;2;9;9;9m▝[38;2;163;163;163;48;2;30;30;30m▀[38;2;161;161;161m▐[38;2;209;209;209;48;2;244;244;244m▝[38;2;254;254;254;48;2;154;154;154m▖[38;2;17;17;17;48;2;132;132;132m▖[38;2;163;163;163;48;2;97;97;97m▀[38;2;190;190;190;48;2;100;100;100m▀[38;2;57;57;57;48;2;233;233;233m▝[38;2;13;13;13;48;2;92;92;92m▐[38;2;231;231;231;48;2;26;26;26m▗[0m[38;2;186;186;186m▘[0m
 [38;2;0;0;0m [0m [38;2;102;102;102m▝[38;2;74;74;74;48;2;215;214;212m▀[38;2;167;167;167;48;2;20;20;20m▝[38;2;215;215;215;48;2;247;247;247m▝[38;2;153;153;153;48;2;226;226;226m▗[38;2;159;159;159;48;2;71;71;71m▀[38;2;141;141;141;48;2;121;121;121m▘[38;2;243;243;243;48;2;86;86;86m▀[38;2;219;219;219;48;2;159;159;159m▀[38;2;35;35;35;48;2;176;176;176m▞[0m[7m[38;2;247;247;244m▐[0m [0m
 [38;2;0;0;0m   [38;2;152;152;152;48;2;249;247;243m▐[38;2;54;54;54;48;2;0;0;0m▗[38;2;49;40;40;48;2;12;12;12m▞[38;2;183;183;183;48;2;132;7;7m▝[38;2;167;91;91;48;2;130;14;14m▝[38;2;103;0;0;48;2;72;65;65m▖[38;2;148;148;148;48;2;19;19;19m▝[38;2;248;247;246;48;2;94;94;94m▗[0m[38;2;194;193;191m▘[0m [38;2;244;241;233m [0m
 [38;2;0;0;0m   [38;2;160;160;160;48;2;243;242;239m▝[38;2;223;223;223;48;2;30;30;30m▐[38;2;78;78;78;48;2;162;162;162m▘[38;2;84;84;84;48;2;159;159;159m▘[38;2;142;142;142;48;2;161;161;161m▀[38;2;115;115;115;48;2;162;162;162m▘[38;2;88;88;88;48;2;199;199;199m▘[38;2;198;198;198;48;2;23;23;23m▐[0m [38;2;245;242;234m  [0m
 [38;2;0;0;0m   [0m [38;2;124;124;124m▀[38;2;109;109;109;48;2;211;211;209m▀[38;2;232;230;227;48;2;151;151;150m▖[38;2;115;115;115;48;2;230;229;227m▀[38;2;81;81;81;48;2;232;231;228m▀[0m[38;2;107;107;107m▀[38;2;162;161;160m▘[0m [38;2;246;244;237m  [0m
[?25h