[?25l[0m [7m[38;2;140;112;136m▀[0m[38;2;142;117;140;48;2;230;61;33m▀[38;2;166;48;51;48;2;254;67;26m▀[38;2;167;48;50m▀▀▀▀▀▀▀[38;2;162;47;51m▀[38;2;150;131;152;48;2;224;60;35m▀[0m[7m[38;2;143;120;142m▀[0m [0m
[38;2;254;67;26;48;2;111;81;113m▗[38;2;212;57;39;48;2;254;67;26m▘           [38;2;207;56;41;48;2;254;67;25m▝[38;2;254;67;26;48;2;111;82;113m▖[0m
[38;2;254;67;26;48;2;53;26;76m▐[48;2;254;67;26m    [0m[7m[38;2;165;55;59m▗[0m[38;2;163;85;96m▀▀▀[7m[38;2;151;53;63m▖[0m[38;2;171;173;188;48;2;254;67;26m    [38;2;55;26;75m▐[0m
[38;2;254;67;26;48;2;53;26;76m▐[48;2;254;67;26m    [0m[7m[38;2;156;46;51m▐[0m   [38;2;89;50;87m▝[38;2;152;64;72m▀▀▀[38;2;153;65;73m▀[38;2;104;55;84m▀[0m
[38;2;223;60;35;48;2;66;48;95m▐[38;2;253;67;26;48;2;254;67;26m▖   [38;2;244;64;32;48;2;252;66;27m▝[48;2;254;67;26m▀▀▀▀▀▀[38;2;120;77;107;48;2;232;62;32m▝[0m[7m[38;2;156;65;75m▀[0m [0m
 [38;2;156;65;75m▀[38;2;120;78;107;48;2;232;62;32m▖[38;2;254;67;26;48;2;244;65;32m▀▀▀▀▀▀[48;2;246;65;30m▀[48;2;254;67;26m   [38;2;253;67;26m▝[38;2;67;48;94;48;2;223;60;35m▐[0m
[7m[38;2;104;55;85m▀[38;2;153;65;74m▀▀▀▀[0m[38;2;104;55;85m▖[0m   [38;2;127;38;58m▐[48;2;254;67;26m    [38;2;55;26;75m▐[0m
[38;2;254;67;26;48;2;53;26;76m▐[48;2;254;67;26m    [0m[7m[38;2;165;55;59m▝[38;2;163;86;97m▀▀▀[38;2;151;53;64m▘[0m[38;2;171;173;188;48;2;254;67;26m    [38;2;55;26;75m▐[0m
[38;2;254;67;26;48;2;111;81;113m▝[38;2;213;58;39;48;2;254;67;26m▖           [38;2;208;57;40;48;2;254;67;25m▗[38;2;254;67;26;48;2;111;81;113m▘[0m
 [38;2;140;112;135m▀[38;2;231;62;33;48;2;141;116;139m▀[38;2;254;67;26;48;2;167;48;50m▀[48;2;169;48;50m▀▀▀▀▀▀▀[48;2;164;47;51m▀[38;2;225;60;34;48;2;150;130;151m▀[0m[38;2;142;119;141m▀[0m [0m
[?25h