[?25l[0m [38;2;0;0;0m [0m  [7m[38;2;162;161;160m▝[38;2;202;201;197m▀[0m[38;2;244;241;233m         [0m
 [38;2;145;145;144m▗[38;2;143;141;138m▐[38;2;18;18;18;48;2;202;202;202m▗[38;2;61;61;61;48;2;201;172;176m▐[38;2;147;147;147;48;2;67;11;22m▝[38;2;57;41;44;48;2;188;187;184m▖[0m [38;2;245;242;234m       [0m
 [38;2;157;157;157m▐[38;2;191;160;165;48;2;66;29;36m▝[38;2;0;0;0;48;2;174;174;174m▐[38;2;60;60;60;48;2;197;90;110m▐[38;2;148;8;36;48;2;49;2;10m▐[38;2;115;6;27;48;2;171;9;42m▞[38;2;165;165;165;48;2;108;22;39m▝[38;2;76;69;70;48;2;198;197;193m▖[0m[38;2;195;194;190m▖     [0m
 [38;2;158;158;158m▝[38;2;0;0;0;48;2;106;38;51m▘[38;2;16;9;9;48;2;192;175;177m▐[38;2;105;49;59;48;2;168;107;117m▞[38;2;150;8;36;48;2;44;3;10m▐[38;2;177;10;44;48;2;150;7;35m▀[38;2;167;9;40;48;2;183;10;46m▘[38;2;78;4;18;48;2;178;10;45m▝[38;2;178;178;177;48;2;109;35;49m▝[0m[38;2;103;102;102m▖[0m [38;2;194;192;187m   [0m
[38;2;0;0;0;48;2;155;155;155m▐[38;2;170;149;151;48;2;111;5;24m▐[38;2;122;49;62;48;2;0;0;0m▐[38;2;188;109;123;48;2;139;41;60m▗[38;2;157;79;92;48;2;184;10;46m▖[38;2;170;9;42;48;2;185;11;46m▖[38;2;183;10;46;48;2;185;11;47m▝[38;2;171;9;42;48;2;183;10;46m▘[48;2;185;11;47m  [38;2;67;12;22;48;2;174;10;43m▝[38;2;150;149;149;48;2;105;14;32m▀[0m[38;2;128;128;128m▖[0m [38;2;203;201;195m [0m
[38;2;0;0;0;48;2;153;153;153m▐[38;2;170;147;150;48;2;110;5;24m▐[38;2;124;6;29;48;2;0;0;0m▐[38;2;156;8;37;48;2;174;9;43m▖[38;2;185;11;47;48;2;183;10;46m▐[38;2;137;74;85;48;2;187;22;56m▀[38;2;131;11;35;48;2;168;139;144m▀[38;2;185;11;47;48;2;80;4;19m▀[38;2;177;10;44;48;2;185;11;47m▖  [38;2;185;11;46m▝[38;2;62;27;33;48;2;168;9;42m▝[38;2;159;158;157;48;2;112;38;52m▀[0m[38;2;144;143;141m▖[0m
[38;2;0;0;0;48;2;150;150;150m▐[38;2;191;124;136;48;2;123;6;28m▐[38;2;149;122;126;48;2;48;14;20m▖[38;2;81;4;19;48;2;161;8;39m▖[38;2;182;10;46;48;2;185;11;47m▘ [38;2;220;206;208;48;2;199;72;96m▐[38;2;154;154;154;48;2;23;23;23m▖[38;2;152;152;152;48;2;87;63;67m▗[38;2;138;138;138;48;2;119;22;41m▖[38;2;188;37;66;48;2;99;99;99m▀[38;2;188;38;66;48;2;101;101;101m▀[38;2;189;38;66m▀[38;2;189;42;70m▀[38;2;187;174;173;48;2;100;100;98m▀[0m
[38;2;18;18;18;48;2;172;171;170m▝[38;2;83;79;80;48;2;99;6;24m▖[38;2;184;60;83;48;2;156;8;38m▝[38;2;151;58;76;48;2;182;10;46m▀[38;2;164;9;40;48;2;185;11;47m▘[38;2;204;90;112;48;2;187;22;56m▝[38;2;216;189;193;48;2;251;248;248m▞[38;2;186;186;186;48;2;53;53;53m▖[38;2;39;39;39;48;2;2;2;2m▀[38;2;10;10;10;48;2;112;112;112m▀[38;2;0;0;0;48;2;179;179;179m▀[48;2;164;164;164m▀[48;2;125;125;125m▀[38;2;154;154;154;48;2;16;16;16m▖[0m[38;2;49;49;47m▘[0m
 [38;2;197;170;173;48;2;208;206;203m▐[38;2;109;80;85;48;2;195;52;80m▀[38;2;135;33;51;48;2;186;18;52m▘[38;2;188;28;60;48;2;234;201;207m▀[38;2;35;35;35;48;2;203;174;178m▗[38;2;167;166;166;48;2;21;21;21m▘[38;2;13;13;13;48;2;0;0;0m▘ [38;2;82;82;82;48;2;20;20;19m▗[38;2;98;97;94;48;2;115;114;113m▗[38;2;247;247;247;48;2;137;136;134m▝[38;2;127;126;126;48;2;238;238;238m▖[38;2;231;231;231;48;2;253;253;253m▝[38;2;203;202;198;48;2;81;80;78m▞[0m
  [7m[38;2;189;177;176m▖[0m[38;2;224;200;204m▀[38;2;20;20;20;48;2;137;136;133m▝[0m[38;2;0;0;0m▀▀▀[38;2;20;20;20m▀[38;2;249;249;249;48;2;151;150;147m▝[38;2;250;250;250;48;2;132;131;128m▀[38;2;103;102;102;48;2;151;150;150m▝[38;2;31;31;31;48;2;119;118;115m▗[38;2;70;69;67;48;2;138;137;134m▖[38;2;37;36;35;48;2;180;179;177m▐[0m
[?25h