[?25l[0m[38;2;21;104;56;48;2;192;211;200m▗[38;2;129;172;147;48;2;21;104;56m▀▀▀▀▀▀▀▀▀▀▀▀▀▀[38;2;21;104;56;48;2;191;210;198m▖[0m
[38;2;65;130;92;48;2;221;230;224m▐[38;2;21;104;56;48;2;110;157;129m▀[38;2;106;154;125;48;2;20;103;55m▖[48;2;21;104;56m   [38;2;31;109;63m▗[38;2;21;104;56;48;2;110;157;129m▀▀▀▀▀[38;2;82;139;105;48;2;21;104;56m▖  [38;2;212;223;215m▐[0m
  [38;2;20;103;55;48;2;242;244;241m▐[48;2;21;104;56m   [38;2;50;119;78m▐[0m[7m[38;2;251;250;248m▐[0m    [38;2;21;104;56;48;2;180;204;190m▐[48;2;21;104;56m  [38;2;212;223;215m▐[0m
 [38;2;0;0;0m [38;2;20;103;55;48;2;242;244;241m▐[48;2;21;104;56m   [38;2;50;119;78m▐[0m[7m[38;2;251;251;249m▐[0m    [38;2;142;179;156m▝▀▀▘[0m
 [38;2;0;0;0m [38;2;20;103;55;48;2;242;244;241m▐[48;2;21;104;56m   [38;2;24;105;58m▝[38;2;51;119;79m▀▀▀[38;2;77;136;101;48;2;36;111;67m▐[0m[7m[38;2;250;249;246m▐[0m[38;2;245;242;234m    [0m
 [38;2;0;0;0m [38;2;20;103;55;48;2;242;244;241m▐[48;2;21;104;56m   [38;2;41;114;71m▗[38;2;21;104;56;48;2;184;206;191m▀[48;2;183;205;190m▀▀[38;2;43;117;74;48;2;189;209;195m▀[0m[7m[38;2;249;248;244m▐[0m[38;2;245;242;234m    [0m
 [38;2;0;0;0m [38;2;20;103;55;48;2;242;244;241m▐[48;2;21;104;56m   [38;2;50;119;78m▐[0m[7m[38;2;251;250;248m▐[0m[38;2;245;242;234m   [0m [38;2;134;176;151m▗[7m▀▀[0m[38;2;134;176;151m▖[0m
  [38;2;20;103;55;48;2;242;244;241m▐[48;2;21;104;56m   [38;2;50;119;78m▐[0m[7m[38;2;251;250;248m▐[0m    [38;2;21;104;56;48;2;180;204;190m▐[48;2;21;104;56m  [38;2;212;223;215m▐[0m
[38;2;66;130;93;48;2;221;230;224m▐[38;2;111;157;130;48;2;21;104;56m▀[38;2;107;154;126;48;2;20;103;55m▘[48;2;21;104;56m   [38;2;32;109;64m▝[38;2;111;157;130m▀▀▀▀▀[38;2;82;139;105m▘  [38;2;212;223;215m▐[0m
[38;2;75;138;101;48;2;223;231;226m▐[38;2;21;104;56;48;2;129;172;147m▀▀▀▀▀▀▀▀▀▀▀▀▀▀[48;2;190;210;198m▘[0m
[?25h