[?25l[0m[38;2;62;79;102;48;2;165;169;178m▗[38;2;129;136;149;48;2;8;30;61m▀▀▀▀▀▀▀▀▀▀▀[38;2;162;166;174;48;2;15;36;65m▀[0m[38;2;119;129;144m▖[0m [38;2;199;200;201m [0m
[38;2;163;169;178m▀[7m[38;2;161;168;179m▖[0m[38;2;8;30;61;48;2;30;49;76m▐[48;2;8;30;61m [38;2;219;219;222;48;2;160;166;175m▖[38;2;144;152;164;48;2;187;190;195m▀[48;2;189;192;196m▀▀▀▀[48;2;194;197;201m▀[0m[38;2;135;144;157m▀[38;2;19;40;69;48;2;162;167;176m▀[38;2;19;43;74;48;2;85;138;184m▀[38;2;161;177;192;48;2;103;153;195m▀[0m[7m[38;2;184;188;194m▐[0m
 [38;2;181;187;197m▐[38;2;8;30;61;48;2;34;53;79m▐[48;2;8;30;61m [0m[7m[38;2;219;219;222m▐[0m[38;2;109;120;137;48;2;170;175;184m▝[38;2;8;30;61;48;2;111;122;139m▀[38;2;31;51;78;48;2;8;30;61m▖ [38;2;8;30;61;48;2;97;110;128m▀[38;2;213;215;218;48;2;59;76;99m▐[0m [38;2;205;207;211m▐[38;2;105;167;218;48;2;90;146;193m▐[38;2;102;140;173;48;2;105;167;218m▐[0m[7m[38;2;175;180;190m▐[0m
 [38;2;181;187;197m▐[38;2;8;30;61;48;2;34;53;79m▐[48;2;8;30;61m [38;2;196;199;203;48;2;52;69;93m▀[38;2;178;182;188;48;2;54;71;95m▀[38;2;178;182;190m▀[38;2;63;80;104;48;2;11;33;63m▘[38;2;50;89;128;48;2;9;32;63m▗[38;2;188;193;201;48;2;123;156;186m▘[38;2;174;178;185;48;2;123;168;206m▀[38;2;191;194;198;48;2;113;162;203m▀[38;2;159;179;198;48;2;105;162;210m▘[38;2;155;178;199;48;2;104;163;211m▗[38;2;101;156;201;48;2;178;186;195m▘[0m[38;2;165;171;180m▘[0m
 [38;2;181;187;197m▐[38;2;8;30;61;48;2;34;53;79m▐[48;2;8;30;61m [48;2;197;200;204m▀[48;2;201;203;205m▀[48;2;198;200;205m▀[38;2;36;69;105;48;2;103;151;193m▀[38;2;104;166;217;48;2;98;157;206m▞[38;2;100;160;210;48;2;167;172;182m▀[38;2;152;169;186;48;2;103;164;215m▖[38;2;104;165;216;48;2;105;167;218m▐[38;2;105;154;196;48;2;156;171;187m▘[0m[38;2;195;197;199m▀[0m [38;2;243;240;233m [0m
 [38;2;181;187;197m▐[38;2;8;30;61;48;2;34;53;79m▐[48;2;8;30;61m [0m[7m[38;2;220;221;223m▐[0m[38;2;182;185;189m [38;2;173;177;187m▐[38;2;105;167;218;48;2;105;139;171m▐[38;2;99;159;208;48;2;105;167;218m▐[0m[7m[38;2;188;193;201m▐[0m[38;2;119;149;176;48;2;193;196;200m▝[38;2;101;144;181;48;2;104;166;217m▖[38;2;180;189;199;48;2;99;155;202m▝[0m[7m[38;2;184;188;193m▝[0m[38;2;245;242;234m  [0m
 [7m[38;2;188;192;199m▘[0m[38;2;86;139;185;48;2;33;56;85m▗[38;2;47;84;122;48;2;93;151;199m▀[0m[7m[38;2;220;221;223m▐[0m [38;2;173;177;187m▐[38;2;105;167;218;48;2;105;139;171m▐[38;2;99;159;208;48;2;105;167;218m▐[0m[7m[38;2;188;193;201m▐[0m [38;2;95;148;192;48;2;176;183;193m▝[38;2;98;157;206;48;2;105;167;218m▖[38;2;192;196;202;48;2;113;155;191m▝[0m  [0m
[38;2;125;147;169;48;2;178;182;190m▐[38;2;151;179;203;48;2;104;165;216m▀[38;2;93;143;186;48;2;104;166;217m▘[38;2;92;149;197m▝[38;2;153;182;208;48;2;104;165;216m▀[38;2;200;202;208;48;2;112;147;178m▐[0m[38;2;173;177;187m▐[38;2;105;167;218;48;2;105;139;171m▐[38;2;99;159;208;48;2;105;167;218m▐[0m[7m[38;2;188;193;201m▐[0m[38;2;159;164;172m [38;2;175;179;187m▝[38;2;191;194;201;48;2;115;156;191m▖[38;2;99;159;208;48;2;104;166;217m▝[38;2;147;177;203;48;2;104;165;216m▀[38;2;102;139;172;48;2;171;180;191m▖[0m
[38;2;188;190;194m▀[38;2;191;193;195m▀▀▀▀[38;2;168;172;180;48;2;187;191;196m▖[0m[7m[38;2;169;180;193m▘[0m[38;2;105;167;218;48;2;102;138;172m▐[38;2;100;159;209;48;2;105;167;218m▐[38;2;188;193;201;48;2;154;167;181m▘[0m[7m[38;2;179;187;196m▀[0m  [38;2;191;193;195m▀▀[38;2;187;189;193m▀[0m
 [38;2;0;0;0m    [38;2;150;164;179;48;2;170;177;186m▞[38;2;105;167;218;48;2;145;165;186m▀▀▀▀[38;2;202;204;208;48;2;114;150;183m▐[0m [38;2;245;242;234m    [0m
[?25h