[?25l[0m [7m[38;2;69;42;46m▀[0m[38;2;111;105;102;48;2;168;24;49m▀[38;2;82;32;40;48;2;195;29;58m▀[38;2;86;17;29m▀[38;2;78;49;53;48;2;193;28;57m▀[38;2;84;68;68;48;2;170;24;49m▀[38;2;97;69;72;48;2;195;29;58m▀[0m[7m[38;2;59;36;39m▐[0m[38;2;126;125;121m      [0m
[7m[38;2;54;28;31m▘[0m[38;2;133;18;37;48;2;195;29;58m▘[38;2;194;29;57m▗[38;2;185;26;54;48;2;65;31;36m▀[0m[38;2;137;19;40m▀[38;2;177;25;52;48;2;65;45;47m▀[38;2;184;26;54;48;2;195;29;58m▖ [38;2;87;86;83;48;2;44;6;13m▐[0m      [0m
[38;2;108;107;104;48;2;59;14;21m▖[38;2;189;27;55;48;2;195;29;58m▖[38;2;193;28;57m▝[38;2;149;72;84;48;2;62;8;17m▞[0m[7m[38;2;81;44;49m▀[38;2;86;84;82m▘[0m[38;2;66;24;30m▀[38;2;75;25;32m▀[38;2;16;5;6;48;2;61;21;28m▘[48;2;144;21;42m [38;2;195;29;58;48;2;147;21;43m▗[38;2;144;21;42;48;2;195;29;58m▀[38;2;195;29;58;48;2;151;22;44m▖[48;2;144;21;42m [38;2;8;8;8;48;2;94;12;26m▐[0m
[38;2;94;92;89m▝[7m[38;2;97;39;48m▖[0m[38;2;195;29;57;48;2;78;16;27m▀[38;2;142;20;41;48;2;189;27;56m▖[38;2;194;28;57;48;2;195;29;58m▖[38;2;158;22;45;48;2;192;28;57m▝[38;2;102;14;29;48;2;195;29;58m▀[0m[7m[38;2;131;31;48m▝[0m[38;2;33;11;14m▖[7m[38;2;110;108;105m▖[0m[38;2;195;29;58;48;2;42;6;12m▐[48;2;195;29;58m [38;2;85;11;25m▐[0m[7m[38;2;54;54;52m▐[0m [0m
[7m[38;2;87;82;80m▀[38;2;81;41;47m▀[38;2;76;40;45m▀[0m[38;2;70;69;67m▞[38;2;76;49;52m▀[7m[38;2;93;28;39m▖[0m[38;2;78;10;22;48;2;194;28;57m▖[48;2;195;29;58m [38;2;45;5;12;48;2;184;26;54m▐[0m[7m[38;2;96;95;91m▘[0m[38;2;140;19;41;48;2;30;4;8m▐[38;2;102;14;29;48;2;178;24;52m▀[38;2;178;24;52;48;2;74;10;21m▖[0m[7m[38;2;67;66;64m▐[0m[38;2;245;242;234m [0m
[38;2;42;6;12;48;2;110;108;105m▐[48;2;195;29;58m [38;2;186;27;54m▝[38;2;153;74;85;48;2;66;8;18m▞[0m[7m[38;2;78;30;37m▀[38;2;88;30;39m▘[0m[38;2;80;10;22;48;2;194;28;57m▘[48;2;195;29;58m [38;2;36;7;12;48;2;169;24;50m▐[0m[7m[38;2;101;100;97m▖[0m[38;2;195;29;58;48;2;42;6;12m▐[48;2;195;29;58m [38;2;85;11;25m▐[0m[7m[38;2;67;66;64m▐[0m[38;2;245;242;234m [0m
[38;2;35;4;10;48;2;110;108;105m▐[38;2;195;29;58;48;2;125;16;35m▀[38;2;38;4;10;48;2;169;24;49m▗[38;2;195;29;58;48;2;101;13;29m▀[48;2;162;22;46m▀[48;2;157;22;45m▀[48;2;97;13;27m▀[38;2;60;8;17;48;2;161;80;92m▞[0m[38;2;32;25;25m▘[38;2;109;107;104m▐[38;2;195;29;58;48;2;42;6;12m▐[48;2;195;29;58m [38;2;85;11;25m▐[0m[7m[38;2;67;66;64m▐[0m[38;2;245;242;234m [0m
  [38;2;81;80;77m▐[38;2;157;22;45;48;2;52;6;13m▐[38;2;120;16;33;48;2;195;29;58m▀▀[38;2;101;13;28;48;2;171;25;50m▀[0m[7m[38;2;0;0;0m▐[0m[38;2;230;228;220m [38;2;102;100;97m▐[38;2;195;29;58;48;2;48;6;13m▐[48;2;195;29;58m [38;2;84;11;24m▐[0m[7m[38;2;68;67;65m▐[0m[38;2;245;242;234m [0m
 [38;2;0;0;0m [0m [38;2;79;58;60m▀[7m[38;2;73;12;22m▖[0m[38;2;149;21;43;48;2;195;29;58m▖[38;2;194;28;57m▝[38;2;71;27;34;48;2;191;28;56m▀[0m[7m[38;2;146;21;42m▀[0m[38;2;28;10;12;48;2;158;56;72m▝[38;2;149;21;44;48;2;195;29;58m▘[38;2;190;27;56m▗[38;2;193;28;57;48;2;54;21;26m▘[0m[38;2;119;117;113m▘ [0m
 [38;2;0;0;0m   [0m [38;2;69;44;46m▀[38;2;155;21;45m▀[38;2;195;29;58;48;2;79;43;47m▀[48;2;80;14;25m▀[48;2;78;31;38m▀[38;2;180;26;53;48;2;99;90;89m▀[0m[38;2;76;17;27m▀[0m [38;2;122;120;116m  [0m
[?25h