[?25l[0m[7m[38;2;153;86;94m▖[0m[38;2;182;132;138;48;2;225;225;225m▀[38;2;184;135;141;48;2;253;253;253m▀[38;2;186;137;143;48;2;243;243;243m▀[38;2;186;138;145;48;2;228;228;228m▀[38;2;187;140;146;48;2;216;216;216m▀[38;2;188;141;147;48;2;208;208;208m▀[48;2;234;234;234m▀[48;2;204;204;204m▀[48;2;208;208;208m▀[38;2;187;140;146;48;2;216;216;216m▀[38;2;186;138;145;48;2;228;228;228m▀[38;2;186;137;143;48;2;243;243;243m▀[38;2;184;135;141;48;2;253;253;253m▀[38;2;182;132;138;48;2;225;225;225m▀[0m[7m[38;2;153;86;94m▗[0m
 [38;2;194;178;177;48;2;152;94;101m▞[38;2;247;247;247;48;2;191;183;184m▗[38;2;137;48;60;48;2;183;164;165m▖[0m[38;2;157;117;122m▀[38;2;164;117;121m▀[38;2;225;210;211;48;2;158;91;99m▐[38;2;253;253;253;48;2;254;254;254m▐[38;2;176;176;176;48;2;175;175;175m▐[38;2;157;89;96;48;2;168;155;156m▐[0m[38;2;164;117;122m▀[38;2;157;117;122m▀[38;2;136;45;57;48;2;183;164;165m▗[38;2;247;247;247;48;2;191;183;184m▖[38;2;152;95;102;48;2;193;178;177m▞[0m [0m
  [38;2;182;133;137m▀[38;2;136;45;57m▘  [38;2;226;208;210;48;2;166;99;106m▐[38;2;253;253;253;48;2;254;254;254m▐[38;2;176;176;176;48;2;175;175;175m▐[38;2;164;95;102;48;2;167;153;154m▐[0m[38;2;164;95;102m  [38;2;136;45;57m▝[38;2;182;133;136m▀[0m [38;2;242;236;229m [0m
 [38;2;0;0;0m     [38;2;226;208;210;48;2;166;99;106m▐[38;2;253;253;253;48;2;254;254;254m▐[38;2;176;176;176;48;2;175;175;175m▐[38;2;164;95;102;48;2;167;153;154m▐[0m[38;2;164;95;102m      [0m
 [38;2;0;0;0m     [38;2;226;208;210;48;2;166;99;106m▐[38;2;253;253;253;48;2;254;254;254m▐[38;2;176;176;176;48;2;175;175;175m▐[38;2;164;95;102;48;2;167;153;154m▐[0m[38;2;164;95;102m      [0m
 [38;2;0;0;0m     [38;2;226;210;212;48;2;166;99;106m▐[38;2;253;253;253;48;2;254;254;254m▐[38;2;176;176;176;48;2;175;175;175m▐[38;2;164;95;102;48;2;167;153;154m▐[0m[38;2;164;95;102m      [0m
 [38;2;0;0;0m     [38;2;226;210;212;48;2;166;99;106m▐[38;2;253;253;253;48;2;254;254;254m▐[38;2;176;176;176;48;2;175;175;175m▐[38;2;164;95;102;48;2;167;153;154m▐[0m[38;2;164;95;102m      [0m
 [38;2;0;0;0m     [38;2;226;210;212;48;2;166;99;106m▐[38;2;253;253;253;48;2;254;254;254m▐[38;2;176;176;176;48;2;175;175;175m▐[38;2;164;95;102;48;2;167;153;154m▐[0m[38;2;164;95;102m      [0m
 [38;2;0;0;0m     [38;2;219;195;195;48;2;166;101;109m▞[38;2;249;247;247;48;2;253;253;253m▖[38;2;174;173;173;48;2;175;175;175m▗[38;2;156;91;98;48;2;190;167;166m▞[0m[38;2;156;91;98m      [0m
 [38;2;0;0;0m     [0m [38;2;234;223;220;48;2;169;107;114m▞[0m[7m[38;2;163;117;122m▗[0m [38;2;212;182;180m      [0m
[?25h