[?25l[0m [38;2;0;0;0m   [0m [38;2;84;57;36;48;2;178;152;97m▗[38;2;141;111;58;48;2;73;47;36m▀[0m[7m[38;2;104;75;40m▀[0m [38;2;233;211;151m   [0m
 [38;2;0;0;0m   [38;2;101;72;36m▗[38;2;208;177;97;48;2;116;87;45m▗[0m[7m[38;2;181;155;102m▖[0m[38;2;100;71;36;48;2;185;156;92m▗[0m[7m[38;2;112;82;42m▀[0m [38;2;234;213;157m  [0m
[38;2;198;168;92m▗[7m[38;2;77;51;36m▀[38;2;108;79;41m▀[0m  [38;2;232;204;126;48;2;92;65;40m▖[38;2;76;50;36;48;2;73;47;36m▘[38;2;180;144;57;48;2;77;50;36m▗[0m[38;2;133;103;54m▀[0m [38;2;230;209;153m  [0m
[38;2;89;62;36;48;2;218;192;126m▐[38;2;240;209;121;48;2;114;84;40m▗[38;2;80;53;36;48;2;101;72;36m▀[0m[7m[38;2;139;110;57m▀[38;2;176;149;97m▀[0m[38;2;89;61;36;48;2;229;200;121m▐[38;2;72;46;36;48;2;73;47;36m▗[38;2;134;102;36;48;2;82;55;36m▖[0m [38;2;245;242;234m   [0m
[38;2;72;46;36;48;2;193;156;61m▝[38;2;168;130;38;48;2;90;62;36m▘[48;2;73;47;36m     [38;2;181;140;37;48;2;77;51;36m▘[38;2;130;97;39;48;2;215;187;115m▖[0m [38;2;245;235;208m  [0m
[38;2;215;192;131m▗[38;2;73;47;36;48;2;156;125;60m▐[38;2;87;60;36;48;2;73;47;36m▖[38;2;105;76;38m▗[38;2;113;83;41m▖   [38;2;184;146;47;48;2;79;52;36m▝[0m[7m[38;2;171;140;72m▝[0m [38;2;245;240;227m [0m
[38;2;115;83;38m▝[7m[38;2;116;85;37m▖[0m[38;2;73;47;36;48;2;105;75;36m▞[38;2;239;208;122;48;2;135;104;48m▝[0m[7m[38;2;118;87;41m▖[0m[38;2;181;145;54;48;2;86;58;36m▖[48;2;73;47;36m   [38;2;98;71;36m▝[0m[7m[38;2;157;126;59m▝[0m [0m
  [38;2;141;112;62m▀[38;2;143;109;38;48;2;121;90;40m▀[0m [38;2;218;187;104m▝[38;2;129;98;41;48;2;72;47;36m▖[38;2;162;129;61;48;2;238;212;134m▀[38;2;221;188;95;48;2;117;85;37m▗[38;2;76;50;36;48;2;73;47;36m▖[38;2;79;53;36m▐[38;2;234;207;131;48;2;168;131;38m▐[0m
 [38;2;0;0;0m  [38;2;131;99;46m▝[38;2;226;197;119m▘ [38;2;105;75;36m▐[7m[38;2;182;144;47m▀[0m[38;2;125;93;37;48;2;75;49;36m▀[38;2;118;87;42;48;2;78;51;36m▗[38;2;72;46;36;48;2;199;176;121m▀[0m[38;2;185;151;66m▀[0m
 [38;2;0;0;0m     [38;2;170;139;74m▐[38;2;219;190;116;48;2;142;108;46m▐[0m[38;2;194;171;122m▀[0m [38;2;245;232;196m  [0m
[?25h