[?25l[0m[38;2;223;171;97m▗[7m[38;2;167;56;52m▀[0m[38;2;190;99;50;48;2;156;33;53m▀[38;2;188;96;50m▀▀▀▀▀[38;2;233;193;118;48;2;169;59;53m▝[0m[7m[38;2;208;139;81m▀[0m [38;2;246;233;198m   [0m
[38;2;156;33;53;48;2;220;148;47m▐[48;2;156;33;53m [38;2;169;63;51;48;2;157;37;52m▗[0m[38;2;194;106;59m▀[38;2;194;107;63m▀▀▀[38;2;249;213;108;48;2;169;58;53m▖[48;2;156;33;53m [38;2;155;33;53m▝[0m[7m[38;2;235;184;77m▐[0m[38;2;245;242;234m   [0m
[38;2;156;33;53;48;2;220;146;47m▐[48;2;156;33;53m [38;2;166;56;52m▐[0m[7m[38;2;205;130;77m▀[38;2;205;132;88m▀▀▀[38;2;208;141;94m▘[38;2;214;155;100m▗[0m[38;2;215;158;105m▀[38;2;243;208;124m▘   [0m
[38;2;212;144;75m▝[38;2;162;46;52;48;2;231;189;125m▀[38;2;156;33;53;48;2;177;73;51m▀[48;2;175;69;51m▀▀▀▀[38;2;175;69;51;48;2;156;33;53m▖[38;2;164;50;52m▝[0m[7m[38;2;174;70;57m▝[0m[38;2;239;190;77m▖[0m  [38;2;245;241;231m [0m
[7m[38;2;187;89;50m▀[38;2;155;32;53m▀[38;2;162;47;52m▀[0m [7m[38;2;191;105;65m▀[0m[38;2;218;152;67;48;2;163;47;52m▘[38;2;169;61;52;48;2;156;33;53m▀[38;2;156;36;53;48;2;221;153;46m▐[48;2;156;33;53m  [38;2;162;47;52;48;2;220;157;47m▐[38;2;171;64;51;48;2;156;33;53m▀[38;2;227;180;115;48;2;160;42;52m▀[0m[38;2;206;131;67m▖[0m
[38;2;174;68;54;48;2;230;174;85m▐[38;2;158;38;52;48;2;156;33;53m▖[38;2;165;55;52m▝[38;2;156;33;53;48;2;226;165;63m▖[48;2;156;33;53m  [38;2;212;136;47;48;2;156;34;53m▐[48;2;156;33;53m▘ [38;2;200;118;60;48;2;157;36;52m▗[0m[38;2;220;156;63m▀[38;2;156;33;53;48;2;167;58;52m▐[48;2;156;33;53m [38;2;219;144;48m▐[0m
 [38;2;197;112;58m▝[38;2;157;36;52m▀[38;2;155;31;53;48;2;234;188;94m▘[48;2;156;33;53m  [38;2;234;177;66;48;2;156;35;53m▐[0m[38;2;155;31;53m▀[38;2;183;87;58m▀[0m  [38;2;231;198;139m▀[38;2;230;196;139m▀[38;2;236;203;139m▀[0m
 [38;2;0;0;0m  [38;2;236;186;79m▐[48;2;156;33;53m  [38;2;249;211;106;48;2;156;35;53m▐[0m[38;2;249;211;106m   [0m [7m[38;2;218;164;107m▀[38;2;215;159;107m▀[38;2;227;176;106m▀[0m
 [38;2;0;0;0m  [38;2;237;187;78m▐[38;2;155;33;53;48;2;156;33;53m▖ [38;2;249;211;106;48;2;169;58;53m▝[0m[7m[38;2;195;108;64m▀▀▀[38;2;195;107;60m▀[0m[38;2;170;63;51;48;2;158;37;52m▘[48;2;156;33;53m [38;2;220;146;47m▐[0m
 [38;2;0;0;0m  [0m [38;2;208;139;81m▀[38;2;233;193;118;48;2;169;58;53m▖[38;2;156;33;53;48;2;188;94;50m▀▀▀▀▀[48;2;190;97;50m▀[0m[38;2;167;56;51m▀[38;2;223;169;95m▘[0m
[?25h