[?25l[0m [38;2;0;0;0m  [38;2;124;106;80m▗[0m [38;2;225;219;208m           [0m
 [38;2;0;0;0m [0m [38;2;108;89;60m▐[7m[38;2;95;58;42m▝[0m[38;2;134;114;94m▖[0m [38;2;243;240;232m         [0m
 [38;2;0;0;0m  [0m [7m[38;2;97;57;44m▖[0m[38;2;89;45;33;48;2;79;17;19m▐[38;2;161;145;128;48;2;92;47;38m▝[0m[7m[38;2;88;39;32m▀[38;2;148;126;111m▀[0m [38;2;204;196;182m      [0m
 [38;2;0;0;0m  [0m [7m[38;2;166;151;133m▀[0m[38;2;84;32;27;48;2;103;67;53m▐[38;2;104;83;55;48;2;83;29;25m▀[38;2;98;70;47;48;2;83;30;26m▀[38;2;84;32;27;48;2;89;44;33m▞[38;2;88;43;33;48;2;82;29;25m▞[38;2;138;113;98;48;2;79;17;19m▀[0m[7m[38;2;86;36;29m▀[38;2;155;136;119m▀[0m [38;2;232;227;217m  [0m
  [7m[38;2;132;113;90m▀[0m[38;2;149;134;112;48;2;87;38;30m▘[38;2;83;30;26;48;2;79;17;19m▘       [38;2;80;23;22;48;2;79;18;19m▞[38;2;161;145;127;48;2;84;31;27m▝[0m[38;2;122;97;77m▖ [0m
 [7m[38;2;121;102;77m▘[0m[38;2;99;71;48;48;2;80;20;20m▘[38;2;79;17;19;48;2;82;28;25m▀[48;2;88;43;32m▀[48;2;88;44;33m▀[48;2;82;27;24m▀[48;2;79;17;19m     [38;2;104;83;54;48;2;84;32;27m▝[38;2;79;20;20;48;2;87;41;31m▐[38;2;161;147;127;48;2;84;30;26m▝[0m[38;2;171;157;140m▖[0m
[38;2;139;123;100m▐[38;2;99;70;47m▀[38;2;142;125;103;48;2;106;75;57m▞[38;2;120;98;74;48;2;81;24;22m▀[38;2;89;43;33;48;2;79;17;19m▀[38;2;79;20;20m▘[38;2;79;19;20m▗[38;2;79;17;19;48;2;89;45;33m▀[38;2;91;52;37;48;2;80;21;20m▖[38;2;80;22;21;48;2;79;17;19m▗[38;2;79;17;19;48;2;90;49;36m▀[48;2;110;80;61m▀[48;2;109;76;60m▀[38;2;81;25;23;48;2;79;17;19m▖[38;2;88;45;33;48;2;79;19;20m▗[38;2;171;158;140;48;2;93;53;39m▝[0m
[38;2;152;138;116m▗[38;2;166;153;133;48;2;95;62;43m▘[38;2;79;17;19;48;2;87;40;31m▝[48;2;105;72;55m▀[48;2;123;94;78m▀[38;2;81;23;22;48;2;133;111;92m▀[38;2;173;161;142;48;2;109;83;61m▞[38;2;137;120;96;48;2;89;45;34m▘[38;2;79;18;19;48;2;79;17;19m▖[38;2;103;82;54;48;2;82;28;25m▝[0m   [38;2;84;32;26m▐[38;2;79;17;19;48;2;85;36;29m▀[0m[7m[38;2;132;106;89m▗[0m
[38;2;105;85;56m▝[38;2;152;136;116m▀[0m  [38;2;244;241;233m  [0m  [7m[38;2;130;108;87m▖[0m[38;2;83;29;25;48;2;79;18;19m▖[38;2;119;87;73;48;2;80;20;20m▝[38;2;165;147;132;48;2;98;53;45m▀[0m[38;2;142;124;103m▘[0m   [0m
 [38;2;0;0;0m     [0m [38;2;148;134;111m▝[38;2;100;72;49m▀[38;2;116;97;70;48;2;95;61;43m▖[38;2;79;17;19;48;2;123;96;79m▀[0m[38;2;88;40;32m▘    [0m
[?25h