[?25l[0m[38;2;157;140;107;48;2;118;109;94m▐[38;2;105;99;90;48;2;185;165;124m▝[38;2;177;169;154;48;2;108;96;76m▀[48;2;85;76;62m▀[48;2;111;99;78m▀[48;2;77;68;57m▀▀▀▀▀▀▀▀▀▀[38;2;166;159;148;48;2;125;111;87m▀[0m
[38;2;132;118;91m▐[38;2;43;38;36;48;2;118;105;82m▗[38;2;195;174;130;48;2;150;134;102m▀[38;2;193;172;129;48;2;135;120;92m▗[38;2;63;56;48;48;2;130;116;89m▗[38;2;64;57;49;48;2;181;162;122m▀[38;2;184;164;123;48;2;139;123;95m▗[38;2;99;88;70;48;2;169;151;114m▖[38;2;74;65;55;48;2;174;155;117m▖[38;2;105;93;74;48;2;163;145;110m▖[38;2;96;85;69;48;2;184;163;123m▀[38;2;36;32;32;48;2;174;155;117m▀[38;2;74;66;55;48;2;34;30;31m▖  [38;2;115;103;81;48;2;111;99;78m▐[0m
[38;2;135;120;93m▐[38;2;34;30;31;48;2;106;94;75m▗[38;2;118;105;82;48;2;51;46;41m▀[38;2;78;69;57;48;2;45;39;37m▐[38;2;202;180;135;48;2;113;100;78m▝[38;2;113;100;79;48;2;176;157;118m▀[38;2;83;73;60;48;2;132;118;91m▖[38;2;127;113;88;48;2;172;153;116m▀[38;2;118;105;82;48;2;186;166;124m▀[38;2;150;134;102;48;2;123;110;85m▞[38;2;93;83;66;48;2;139;123;95m▞[38;2;164;146;111;48;2;129;115;89m▀[38;2;145;129;99;48;2;202;180;135m▞[38;2;198;176;132;48;2;54;48;43m▖[48;2;34;30;31m [38;2;115;103;81;48;2;111;99;78m▐[0m
[38;2;135;120;93m▐[38;2;34;30;31;48;2;95;84;68m▐[48;2;34;30;31m  [38;2;96;85;69;48;2;36;32;32m▐[38;2;113;100;78;48;2;203;181;135m▀[38;2;203;181;135;48;2;210;187;140m▘   [38;2;157;140;106;48;2;209;186;139m▝[38;2;163;145;110;48;2;71;63;53m▞[38;2;161;143;109;48;2;116;103;81m▖[38;2;140;124;96;48;2;201;179;134m▖[38;2;135;120;93;48;2;40;35;34m▖[38;2;115;103;81;48;2;111;99;78m▐[0m
[38;2;128;114;89m▐[38;2;34;30;31;48;2;106;94;75m▐[38;2;85;76;62;48;2;34;30;31m▗[38;2;35;31;31;48;2;138;123;95m▘[38;2;180;160;121;48;2;124;110;86m▘[38;2;137;122;94;48;2;116;103;81m▀[38;2;206;183;137;48;2;153;136;104m▗[48;2;210;187;140m    [38;2;79;70;58m▐[38;2;107;95;75;48;2;151;134;103m▐[38;2;210;187;140;48;2;124;110;85m▐[38;2;34;30;31;48;2;172;153;116m▐[38;2;114;101;80;48;2;127;114;91m▀[0m
[38;2;147;141;132m▐[38;2;46;41;38;48;2;170;152;115m▐[38;2;181;161;121;48;2;52;46;42m▗[38;2;101;90;72;48;2;203;181;135m▘[48;2;210;187;140m      [38;2;101;89;71;48;2;201;179;134m▗[38;2;73;64;54;48;2;128;114;89m▝[38;2;102;91;72;48;2;147;130;100m▞[38;2;209;186;139;48;2;172;153;116m▞[38;2;35;31;32;48;2;92;81;66m▞[0m[7m[38;2;157;142;115m▗[0m
[38;2;153;148;140m▗[38;2;146;131;102;48;2;92;82;68m▞[38;2;210;187;140;48;2;116;103;81m▀[48;2;158;141;107m▀[48;2;185;165;124m▀[48;2;171;152;115m▀[48;2;129;115;89m▀[38;2;194;173;130;48;2;110;98;77m▀[38;2;189;168;126;48;2;117;104;81m▝[38;2;207;184;138m▀[38;2;69;61;52;48;2;113;101;80m▝[38;2;152;136;104;48;2;101;89;71m▝[38;2;103;92;73;48;2;182;162;122m▞[38;2;192;171;129;48;2;83;73;60m▖[38;2;37;33;33;48;2;142;127;99m▘[0m[38;2;127;120;108m▘[0m
  [7m[38;2;140;126;100m▖[0m[38;2;153;136;104;48;2;83;74;60m▖[38;2;101;90;72;48;2;34;30;31m▀[38;2;101;90;71m▀[38;2;38;34;33;48;2;97;86;69m▖[38;2;46;41;38;48;2;135;120;93m▀[38;2;34;30;31;48;2;162;144;110m▝[38;2;121;108;85;48;2;81;72;59m▖[38;2;100;89;71;48;2;35;31;31m▀[38;2;77;68;57;48;2;37;32;32m▘[38;2;95;84;67;48;2;45;40;38m▀[38;2;158;140;107;48;2;95;85;68m▞[38;2;113;104;88;48;2;167;148;112m▐[0m [0m
 [38;2;0;0;0m [0m [38;2;159;146;123m▀[38;2;38;34;33;48;2;141;128;105m▝[38;2;117;104;82;48;2;39;35;34m▖[38;2;33;29;30;48;2;34;30;31m▝[38;2;210;187;140;48;2;102;90;72m▝[38;2;209;186;139;48;2;79;70;58m▀[38;2;34;29;31;48;2;91;81;65m▐[38;2;54;48;43;48;2;34;30;31m▗[38;2;37;33;33;48;2;140;125;96m▀[0m[7m[38;2;146;133;109m▗[0m[38;2;160;154;143m▘[0m  [0m
 [38;2;0;0;0m   [0m [38;2;166;155;134m▀[38;2;129;115;89m▀[38;2;53;47;42;48;2;168;155;131m▀[38;2;36;31;32;48;2;153;138;111m▀[38;2;95;85;68;48;2;177;168;153m▀[0m[38;2;153;138;110m▀[0m [38;2;172;165;153m    [0m
[?25h