[?25l[0m[38;2;123;64;47;48;2;27;44;73m▗[38;2;73;53;59;48;2;254;94;4m▀▀▀▀▀▀▀▀▀▀▀▀[38;2;124;65;46;48;2;27;44;73m▖[0m
[38;2;123;64;47;48;2;20;42;75m▐[48;2;254;94;4m            [38;2;19;42;75;48;2;124;65;46m▐[0m
[38;2;54;49;67m▀[38;2;177;75;34m▀▀[38;2;208;83;22;48;2;66;62;78m▀[48;2;254;94;4m      [38;2;209;83;22;48;2;66;62;77m▀[0m[38;2;177;75;34m▀▀[38;2;54;49;66m▀[0m
 [38;2;0;0;0m  [38;2;71;52;61;48;2;73;90;113m▐[48;2;254;94;4m      [38;2;70;87;111;48;2;74;53;60m▐[0m[38;2;70;87;111m   [0m
 [38;2;0;0;0m  [38;2;71;52;61;48;2;73;90;113m▐[48;2;254;94;4m      [38;2;70;87;111;48;2;74;53;60m▐[0m[38;2;70;87;111m   [0m
 [38;2;0;0;0m  [38;2;71;52;61;48;2;73;90;113m▐[48;2;254;94;4m      [38;2;70;87;111;48;2;74;53;60m▐[0m[38;2;70;87;111m   [0m
 [38;2;0;0;0m  [38;2;71;52;61;48;2;73;90;113m▐[48;2;254;94;4m      [38;2;70;87;111;48;2;74;53;60m▐[0m[38;2;70;87;111m   [0m
[7m[38;2;54;49;67m▀[38;2;176;75;34m▀▀[0m[38;2;66;63;78;48;2;208;83;22m▀[48;2;254;94;4m      [38;2;66;62;77;48;2;208;83;22m▀[0m[7m[38;2;176;75;34m▀▀[38;2;54;49;66m▀[0m
[38;2;123;64;47;48;2;20;42;75m▐[48;2;254;94;4m            [38;2;19;42;75;48;2;124;65;46m▐[0m
[38;2;123;64;47;48;2;27;44;73m▝[38;2;254;94;4;48;2;74;53;59m▀▀▀▀▀▀▀▀▀▀▀▀[38;2;124;65;46;48;2;27;44;73m▘[0m
[?25h