[?25l[0m[38;2;113;94;169;48;2;244;243;247m▐[38;2;156;143;194;48;2;72;47;145m▀▀[38;2;195;188;217;48;2;82;59;150m▀[0m[38;2;218;214;230m▖  [0m [38;2;72;47;145;48;2;172;161;205m▗[38;2;156;143;194;48;2;72;47;145m▀▀▀[38;2;243;242;246;48;2;113;94;169m▐[0m
[38;2;71;46;144;48;2;241;240;245m▐[48;2;72;47;145m   [38;2;198;192;218;48;2;75;51;146m▝[0m[38;2;171;162;202m▖[0m  [38;2;91;69;155;48;2;196;188;217m▐[48;2;72;47;145m   [38;2;240;239;244;48;2;71;46;144m▐[0m
[38;2;71;46;144;48;2;241;240;245m▐[48;2;72;47;145m    [38;2;144;131;186;48;2;71;46;145m▝[0m[38;2;119;102;171m▖[0m [38;2;244;243;243m▝[38;2;248;247;244;48;2;123;106;174m▖[38;2;72;48;145;48;2;72;47;145m▖ [38;2;240;239;244;48;2;71;46;144m▐[0m
[38;2;71;46;144;48;2;241;240;245m▐[38;2;104;85;163;48;2;75;51;146m▗[38;2;218;214;231;48;2;81;57;149m▖[48;2;72;47;145m   [38;2;99;79;160m▝[38;2;85;63;152;48;2;227;223;232m▖[0m  [38;2;78;55;148;48;2;218;214;227m▝[38;2;83;61;151;48;2;72;47;145m▖[38;2;240;239;244;48;2;71;46;144m▐[0m
[38;2;71;46;144;48;2;241;240;245m▐[38;2;104;85;163;48;2;72;47;145m▐[0m[7m[38;2;251;250;249m▐[0m[38;2;243;242;243;48;2;103;83;162m▖[48;2;72;47;145m   [38;2;76;52;147m▝[38;2;71;47;144;48;2;196;189;215m▖[0m[38;2;248;247;244m▖[38;2;251;250;248m▐[38;2;72;47;145;48;2;105;85;163m▐[38;2;240;239;244;48;2;71;46;144m▐[0m
[38;2;71;46;144;48;2;241;240;245m▐[38;2;104;85;163;48;2;72;47;145m▐[0m[7m[38;2;251;250;248m▐[0m[38;2;248;247;244m▝[38;2;72;47;145;48;2;197;190;215m▝[38;2;76;52;147;48;2;72;47;145m▖   [38;2;243;242;243;48;2;102;82;162m▝[0m[38;2;251;250;249m▐[38;2;72;47;145;48;2;105;85;163m▐[38;2;240;239;244;48;2;71;46;144m▐[0m
[38;2;71;46;144;48;2;241;240;245m▐[38;2;83;60;150;48;2;72;47;145m▝[38;2;78;55;148;48;2;218;213;227m▖[0m  [38;2;86;63;152;48;2;227;223;232m▝[38;2;100;79;160;48;2;72;47;145m▖   [38;2;217;213;230;48;2;81;57;149m▝[38;2;105;85;163;48;2;75;51;147m▘[38;2;240;239;244;48;2;71;46;144m▐[0m
[38;2;71;46;144;48;2;241;240;245m▐[48;2;72;47;145m [38;2;72;48;145m▝[38;2;248;247;244;48;2;123;106;174m▝[0m[38;2;244;243;243m▖[0m [38;2;120;103;172m▝[38;2;145;131;186;48;2;71;46;144m▖[48;2;72;47;145m    [38;2;240;239;244;48;2;71;46;144m▐[0m
[38;2;71;46;144;48;2;241;240;245m▐[48;2;72;47;145m   [38;2;233;231;238;48;2;112;93;168m▝[0m [38;2;248;247;242m [38;2;172;162;203m▝[38;2;199;192;218;48;2;75;51;146m▖[48;2;72;47;145m   [38;2;240;239;244;48;2;71;46;144m▐[0m
[38;2;113;94;169;48;2;244;243;247m▐[38;2;72;47;145;48;2;156;143;194m▀▀▀[48;2;171;160;203m▘[0m [38;2;245;242;234m  [38;2;219;215;230m▝[38;2;82;59;150;48;2;195;188;216m▀[38;2;72;47;145;48;2;156;143;194m▀▀[38;2;243;242;246;48;2;113;94;169m▐[0m
[?25h