[?25l[0m [38;2;0;0;0m  [38;2;43;43;41m▐[0m  [38;2;28;27;27m▖         [0m
 [38;2;0;0;0m  [38;2;253;253;253;48;2;154;153;150m▗[0m[7m[38;2;143;142;139m▐[0m[38;2;243;240;232m [38;2;238;238;238;48;2;141;141;139m▗[0m    [38;2;208;199;175m     [0m
 [38;2;0;0;0m  [38;2;239;237;234;48;2;153;152;149m▞[38;2;162;161;159;48;2;250;250;250m▝[0m[7m[38;2;209;208;205m▝[38;2;175;174;170m▖[0m[38;2;252;252;252;48;2;158;147;117m▘[38;2;221;172;41;48;2;219;192;120m▀[38;2;254;197;47;48;2;215;180;87m▀[38;2;231;179;42;48;2;253;196;46m▞[38;2;194;163;79;48;2;254;197;47m▀[0m[7m[38;2;219;172;48m▀[0m [38;2;183;170;137m  [0m
 [38;2;0;0;0m  [0m [38;2;173;172;169m▘[38;2;254;254;254;48;2;195;194;191m▀[48;2;207;206;202m▀[38;2;242;242;242;48;2;253;253;253m▖[48;2;254;254;254m  [38;2;184;165;114;48;2;229;229;229m▝[38;2;246;191;45;48;2;125;91;68m▀[38;2;254;197;47;48;2;142;98;78m▀[38;2;250;194;46;48;2;155;115;73m▘[0m[38;2;90;64;73m▖ [0m
 [38;2;0;0;0m    [0m [38;2;47;29;51;48;2;99;68;83m▖[38;2;73;42;103;48;2;116;79;69m▀[38;2;204;203;204;48;2;83;58;85m▝[38;2;250;250;250;48;2;91;62;128m▀[38;2;205;205;205;48;2;64;38;89m▘[38;2;61;28;101;48;2;164;126;37m▀[38;2;79;45;108;48;2;193;158;125m▀[38;2;106;65;101;48;2;169;136;88m▀[38;2;110;81;96;48;2;207;165;88m▀[0m [0m
 [38;2;0;0;0m [0m [7m[38;2;179;145;56m▀[38;2;223;172;38m▀[0m[38;2;175;139;43;48;2;219;170;37m▀[38;2;147;113;21;48;2;219;169;37m▀[38;2;134;102;21;48;2;238;184;43m▘[38;2;233;180;41;48;2;206;159;34m▘[38;2;134;99;31;48;2;246;191;45m▀[38;2;226;175;43;48;2;168;131;54m▞[38;2;158;125;58;48;2;198;162;131m▀[38;2;162;132;106;48;2;225;184;149m▖[38;2;188;153;124;48;2;194;154;75m▀[38;2;203;166;134;48;2;232;179;42m▀[0m[7m[38;2;184;156;93m▝[0m
 [7m[38;2;159;141;93m▘[0m[38;2;188;147;36m▀[38;2;229;177;40m▀[38;2;236;183;42m▀[38;2;193;149;33m▀[7m[38;2;173;139;51m▖[0m[38;2;222;172;38;48;2;251;194;46m▝[38;2;253;196;46;48;2;199;154;34m▀[38;2;166;128;27;48;2;234;181;41m▝[38;2;114;92;73;48;2;169;136;92m▀[38;2;232;190;154;48;2;180;147;118m▀[38;2;198;161;125;48;2;176;137;40m▘[38;2;216;167;37;48;2;156;122;44m▀[38;2;187;148;70;48;2;202;165;133m▀[38;2;217;197;177;48;2;102;87;72m▞[0m
 [38;2;208;205;198m     [0m [7m[38;2;172;142;63m▖[0m[38;2;85;64;11;48;2;223;173;39m▘[38;2;254;197;47;48;2;190;146;32m▘[38;2;204;179;156;48;2;144;116;68m▐[0m[38;2;156;130;107m▝[38;2;165;127;28;48;2;135;104;24m▀[0m[38;2;110;97;63m▘[0m  [0m
 [38;2;0;0;0m      [0m [7m[38;2;156;125;45m▖[0m[38;2;155;119;24;48;2;199;154;33m▘[0m  [38;2;65;53;24m▘   [0m
 [38;2;0;0;0m       [38;2;155;122;32m▐[7m[38;2;175;151;88m▗[0m [38;2;242;239;231m     [0m
[?25h