[?25l[0m [38;2;0;0;0m      [38;2;51;51;49m▗[38;2;47;47;45m▖       [0m
 [38;2;0;0;0m     [0m [38;2;23;23;23;48;2;127;127;125m▖[38;2;25;25;24m▗[0m [38;2;218;215;208m      [0m
 [38;2;0;0;0m     [7m[38;2;91;90;88m▘[0m[38;2;88;82;74;48;2;165;152;130m▞[38;2;163;150;128;48;2;88;83;74m▞[0m[7m[38;2;92;91;89m▝[0m[38;2;242;239;231m      [0m
   [7m[38;2;120;119;116m▀[38;2;117;116;112m▀[0m[38;2;61;60;58m▗[38;2;136;136;136;48;2;49;45;39m▞[38;2;136;117;86;48;2;219;188;139m▘[38;2;134;115;85m▝[38;2;49;45;39;48;2;136;136;136m▞[0m[38;2;61;60;58m▖[7m[38;2;117;115;112m▀[38;2;121;120;117m▀[0m  [38;2;217;214;207m [0m
[38;2;69;68;68m▗[38;2;81;81;79;48;2;116;110;101m▘[38;2;126;121;114;48;2;214;183;135m▀[38;2;154;141;119;48;2;219;188;139m▀[38;2;149;139;121m▀[38;2;215;185;137;48;2;122;114;101m▖[38;2;165;165;165;48;2;91;80;63m▘[48;2;219;188;139m  [38;2;164;164;164;48;2;91;81;63m▝[38;2;104;103;101;48;2;189;162;120m▀[38;2;150;139;121;48;2;219;188;139m▀[38;2;154;140;118m▀[38;2;128;123;115;48;2;214;184;136m▀[38;2;80;79;77;48;2;117;111;101m▝[0m[7m[38;2;107;106;103m▀[0m
[38;2;145;145;145;48;2;45;45;43m▐[38;2;211;181;134;48;2;96;84;66m▐[38;2;218;187;138;48;2;138;125;103m▀[38;2;164;142;107;48;2;105;104;104m▀[38;2;154;136;107;48;2;109;109;107m▀[38;2;192;164;121;48;2;112;110;108m▀[38;2;125;110;85;48;2;203;175;129m▖[38;2;202;174;128;48;2;219;188;139m▘[38;2;203;175;129m▝[38;2;125;110;85;48;2;204;175;129m▗[38;2;191;164;121;48;2;112;111;109m▀[38;2;152;135;107;48;2;109;108;107m▀[38;2;163;141;107;48;2;104;104;103m▀[38;2;217;187;138;48;2;136;123;102m▀[38;2;98;86;68;48;2;211;181;133m▐[38;2;44;43;42;48;2;145;145;145m▐[0m
[38;2;86;85;82m▝[7m[38;2;120;119;116m▖[0m[38;2;140;140;138;48;2;94;93;91m▘[0m  [7m[38;2;51;50;49m▘[0m[38;2;82;73;58;48;2;150;150;150m▐[48;2;219;188;139m  [38;2;151;151;151;48;2;84;74;58m▐[0m[7m[38;2;49;49;48m▝[0m  [38;2;64;64;64;48;2;121;120;117m▘[0m[7m[38;2;121;119;117m▗[0m[38;2;87;86;83m▘[0m
 [38;2;0;0;0m  [38;2;33;33;32m▗[38;2;137;137;137;48;2;78;70;58m▞[38;2;214;184;136;48;2;133;125;111m▖[38;2;213;183;135;48;2;133;124;110m▗[38;2;219;188;139;48;2;190;163;120m▐[38;2;191;164;121;48;2;219;188;139m▐[38;2;213;183;136;48;2;134;125;110m▖[38;2;214;184;136;48;2;133;124;110m▗[38;2;83;75;62;48;2;139;139;139m▞[0m[38;2;25;25;24m▖   [0m
 [38;2;0;0;0m  [38;2;120;118;114m▝[7m[38;2;112;111;108m▖[0m[38;2;152;140;119;48;2;117;116;113m▀[38;2;41;41;41;48;2;132;127;119m▗[38;2;61;55;45;48;2;168;150;122m▘[38;2;63;56;44;48;2;167;149;121m▝[38;2;148;141;130;48;2;72;72;70m▀[38;2;153;140;120;48;2;117;116;113m▀[0m[7m[38;2;113;112;109m▗[0m[38;2;113;112;108m▘   [0m
 [38;2;0;0;0m     [0m [7m[38;2;91;90;89m▖▗[0m [38;2;137;135;131m      [0m
[?25h