[?25l[0m[38;2;13;54;124m▗[38;2;6;31;71;48;2;195;120;143m▀[38;2;70;69;119;48;2;243;138;145m▀[38;2;66;67;117m▀[0m[7m[38;2;192;119;143m▀[38;2;126;96;140m▀[0m[38;2;19;43;92;48;2;236;135;145m▀[38;2;74;73;126;48;2;243;138;145m▀[38;2;87;78;130m▀[38;2;38;54;105;48;2;242;138;145m▀[0m[7m[38;2;174;113;142m▀[38;2;19;44;95m▀[0m [38;2;0;2;6m  [0m
[38;2;25;59;127m▀[38;2;64;68;119m▀[38;2;107;88;135m▀[38;2;6;48;115;48;2;201;123;143m▖[48;2;243;138;145m [38;2;212;125;143m▗[38;2;236;135;144;48;2;37;56;111m▀[0m[38;2;173;112;142m▀[38;2;166;110;141m▀[38;2;223;130;144;48;2;13;40;90m▀[38;2;133;98;140;48;2;242;137;145m▖[38;2;146;102;141m▝[38;2;169;110;142;48;2;3;37;89m▖[0m [38;2;0;6;14m [0m
 [38;2;0;0;0m  [38;2;21;56;133m▐[38;2;243;138;145;48;2;244;141;148m▐[38;2;160;104;139;48;2;243;138;145m▐[0m[7m[38;2;0;49;120m▐[0m[38;2;0;0;0m  [0m [38;2;173;112;142;48;2;8;53;124m▐[48;2;243;138;145m [38;2;128;96;140m▝[38;2;178;115;143;48;2;19;40;85m▖[0m[38;2;0;33;81m▖[0m
 [38;2;0;0;0m  [38;2;20;55;133m▐[38;2;243;138;145;48;2;244;141;148m▐[38;2;160;104;139;48;2;243;138;145m▐[0m[7m[38;2;0;49;120m▐[0m[38;2;0;0;0m  [0m [38;2;173;112;142;48;2;2;52;124m▐[48;2;243;138;145m [38;2;242;138;145m▗[38;2;226;132;144;48;2;43;60;119m▘[0m[38;2;0;30;74m▘[0m
  [7m[38;2;15;42;93m▀[0m[38;2;0;42;101;48;2;167;110;142m▘[48;2;243;138;145m [38;2;225;131;144m▝[38;2;73;73;126;48;2;242;138;145m▀[0m[7m[38;2;217;126;143m▀[38;2;204;122;143m▀[0m[38;2;39;56;110;48;2;240;137;145m▀[38;2;173;112;142;48;2;243;138;145m▘[38;2;206;124;144;48;2;242;138;145m▗[38;2;189;118;143;48;2;44;60;114m▀[0m[38;2;0;49;120m▘ [0m
  [38;2;20;46;98m▀[38;2;0;43;105;48;2;174;113;142m▖[48;2;243;138;145m [38;2;231;133;144m▗[38;2;243;138;145;48;2;86;79;129m▀[38;2;228;131;144;48;2;1;28;69m▀[0m[38;2;222;129;144m▀[38;2;242;137;145;48;2;48;61;115m▀[38;2;185;116;143;48;2;243;138;145m▖[38;2;196;121;143;48;2;242;138;145m▝[38;2;242;138;145;48;2;66;69;120m▖[0m[38;2;0;48;117m▖ [0m
 [38;2;0;0;0m  [38;2;20;56;133m▐[38;2;243;138;145;48;2;244;141;148m▐[38;2;160;104;139;48;2;243;138;145m▐[0m[7m[38;2;0;49;120m▐[0m[38;2;0;0;0m  [0m [38;2;172;112;142;48;2;2;51;124m▐[48;2;243;138;145m [38;2;242;138;145m▝[38;2;222;130;144;48;2;37;58;117m▖[0m[38;2;0;28;68m▖[0m
 [38;2;0;0;0m  [38;2;21;56;133m▐[38;2;243;138;145;48;2;244;141;148m▐[38;2;160;104;139;48;2;243;138;145m▐[0m[7m[38;2;0;49;120m▐[0m[38;2;0;0;0m  [0m [38;2;174;113;142;48;2;10;54;124m▐[48;2;243;138;145m [38;2;137;100;140m▗[38;2;190;119;143;48;2;22;43;89m▘[0m[38;2;0;36;87m▘[0m
[7m[38;2;23;59;127m▀[38;2;54;63;112m▀[38;2;93;82;131m▀[0m[38;2;3;46;112;48;2;195;121;143m▘[48;2;243;138;145m [38;2;208;124;143m▝[38;2;30;53;107;48;2;232;133;144m▀[0m[7m[38;2;163;108;141m▀[38;2;156;105;140m▀[0m[38;2;9;37;84;48;2;215;127;144m▀[38;2;119;94;140;48;2;241;137;145m▘[38;2;156;106;141;48;2;242;137;145m▗[38;2;177;113;142;48;2;4;39;93m▘[0m [38;2;0;7;17m [0m
[38;2;20;57;127m▝[38;2;201;123;143;48;2;9;34;78m▀[38;2;243;138;145;48;2;83;77;126m▀[48;2;80;75;124m▀[38;2;199;122;143;48;2;8;31;70m▀[0m[38;2;139;100;141m▀[38;2;239;136;145;48;2;27;48;99m▀[38;2;243;138;145;48;2;89;80;132m▀[48;2;100;86;136m▀[48;2;49;60;112m▀[0m[38;2;185;116;142m▀[38;2;23;48;100m▀[0m [38;2;0;3;9m  [0m
[?25h