[?25l[0m [38;2;0;0;0m [38;2;174;176;177m▗[38;2;220;222;223;48;2;93;93;93m▖[38;2;180;181;182;48;2;46;42;43m▀[38;2;185;185;186;48;2;72;69;70m▀[38;2;186;187;188;48;2;76;73;74m▀[38;2;170;171;173;48;2;53;49;50m▀[38;2;86;85;85;48;2;122;122;124m▞[0m[7m[38;2;135;135;136m▘[38;2;188;189;191m▀[0m[38;2;142;143;144m▖   [0m
 [38;2;225;228;231m▗[38;2;113;111;112;48;2;226;227;228m▖[38;2;55;52;53;48;2;32;28;29m▘[38;2;169;170;171m▐[38;2;136;137;138;48;2;211;212;214m▐[0m [7m[38;2;160;161;162m▖[0m[38;2;72;69;70;48;2;185;186;188m▀[38;2;214;216;218;48;2;67;64;65m▗[0m[7m[38;2;171;172;173m▗[0m [38;2;92;92;92m   [0m
 [38;2;214;217;220;48;2;156;157;158m▗[38;2;187;186;186;48;2;40;36;37m▝[38;2;75;72;73;48;2;176;175;175m▞[38;2;33;29;30;48;2;147;145;146m▀[38;2;68;65;66;48;2;34;30;31m▞[38;2;148;148;150;48;2;33;29;30m▀[38;2;178;180;181;48;2;53;49;50m▀[38;2;176;176;178;48;2;116;116;116m▗[0m[7m[38;2;164;165;166m▝[0m [38;2;82;82;82m    [0m
 [38;2;169;170;171m▝[38;2;84;83;83;48;2;186;188;189m▞[38;2;32;28;29;48;2;178;179;181m▀[38;2;103;100;101;48;2;52;49;50m▞[38;2;172;171;172;48;2;32;28;29m▀[38;2;57;53;54;48;2;137;135;136m▖[38;2;46;42;43;48;2;231;230;230m▀[38;2;164;163;163;48;2;52;48;49m▖[38;2;88;85;86;48;2;34;30;31m▝[38;2;188;189;191;48;2;69;66;67m▀[0m[38;2;232;235;237m▖   [0m
 [38;2;0;0;0m [0m  [38;2;168;170;171m▝[7m[38;2;187;188;189m▖[0m[38;2;219;221;223;48;2;115;114;115m▖[38;2;182;181;182;48;2;48;44;45m▀[38;2;209;209;209;48;2;36;32;33m▀[38;2;163;162;163;48;2;46;42;43m▘[38;2;140;139;139;48;2;36;32;33m▗[38;2;150;150;151;48;2;231;234;236m▐[0m [38;2;35;35;35m  [0m
[38;2;185;187;188m▗[38;2;170;171;173;48;2;80;79;79m▞[38;2;188;189;190;48;2;69;66;66m▀[38;2;130;130;132;48;2;106;105;106m▘[38;2;80;77;78;48;2;91;89;90m▗[38;2;114;113;114;48;2;45;42;43m▀[38;2;36;32;33;48;2;33;29;30m▘[38;2;192;191;191;48;2;39;35;36m▝[38;2;72;69;69;48;2;152;151;151m▞[38;2;211;211;211;48;2;61;58;59m▖[38;2;42;38;39;48;2;33;29;30m▝[0m[7m[38;2;212;214;216m▗[0m [7m[38;2;191;193;194m▀[0m [0m
[38;2;205;207;208m▀[38;2;182;183;184m▀[38;2;143;145;146m▀[0m  [38;2;210;212;214;48;2;185;187;187m▐[38;2;33;29;30;48;2;32;28;29m▐[38;2;212;212;212;48;2;30;26;27m▐[38;2;62;59;60;48;2;137;136;136m▀[38;2;80;77;78;48;2;33;28;29m▀[38;2;34;30;31;48;2;33;29;30m▝[38;2;167;167;167;48;2;217;219;221m▞[38;2;191;193;194;48;2;67;64;65m▀[38;2;102;100;101;48;2;64;61;61m▐[38;2;144;143;145;48;2;205;206;207m▖[0m
 [38;2;0;0;0m   [0m [38;2;159;160;161m▀[7m[38;2;128;128;129m▖[0m[38;2;44;41;42;48;2;190;191;192m▀[38;2;51;48;49;48;2;130;130;131m▀[38;2;33;29;30;48;2;196;198;199m▀[38;2;103;101;102;48;2;40;36;37m▝[38;2;146;144;145;48;2;52;49;50m▘[38;2;39;35;36;48;2;167;168;170m▘[0m[38;2;180;182;183m▀[38;2;144;145;146m▀[0m
 [38;2;0;0;0m      [38;2;132;131;132;48;2;215;217;219m▗[38;2;237;239;241;48;2;84;81;82m▀[38;2;206;208;210;48;2;57;54;55m▘[38;2;41;37;38;48;2;179;180;181m▀[38;2;158;159;160;48;2;41;37;38m▖[38;2;189;190;191;48;2;71;68;69m▀[38;2;200;202;203;48;2;94;91;92m▀[0m[7m[38;2;233;236;238m▐[0m
 [38;2;0;0;0m      [38;2;185;186;187m▀[38;2;73;70;71;48;2;175;176;177m▀[38;2;198;200;201;48;2;86;85;85m▞[0m[38;2;168;169;170m▘[7m[38;2;158;159;160m▖[0m[38;2;50;47;48;48;2;207;208;210m▀[38;2;169;170;171;48;2;80;79;80m▞[0m[38;2;204;206;207m▘[0m
[?25h