[?25l[0m [38;2;0;0;0m [0m [7m[38;2;40;52;107m▀[38;2;151;97;146m▀[0m[38;2;16;37;86;48;2;243;126;149m▀[38;2;77;70;128;48;2;254;131;151m▀[38;2;10;33;79;48;2;234;122;149m▀[0m[7m[38;2;125;89;142m▀[0m[38;2;156;96;145;48;2;10;31;72m▗[38;2;0;29;73;48;2;246;126;149m▀[0m[7m[38;2;235;121;148m▀[0m[38;2;128;87;144m▖[0m
[38;2;66;70;141m▗[38;2;52;58;115;48;2;252;130;150m▀[38;2;145;96;146;48;2;237;125;150m▘[38;2;249;128;150;48;2;254;131;151m▘[38;2;253;130;150m▗[38;2;179;106;147;48;2;246;127;150m▗[38;2;254;131;151;48;2;137;93;145m▀[38;2;180;107;147;48;2;246;127;150m▖[38;2;252;129;150;48;2;254;131;151m▖[38;2;253;130;150m▀ [38;2;242;123;148m▗[0m[7m[38;2;43;66;141m▐[0m
[38;2;3;53;131m▐[38;2;186;105;145;48;2;250;128;150m▖[48;2;254;131;151m [38;2;205;114;147m▐[0m[7m[38;2;34;57;122m▗[0m   [7m[38;2;39;58;128m▖[0m[38;2;254;131;151;48;2;253;130;150m▐[48;2;254;131;151m [38;2;129;89;144m▐[0m[7m[38;2;0;37;90m▐[0m
[38;2;0;37;93m▐[38;2;254;131;151;48;2;137;91;144m▐[48;2;254;131;151m [38;2;183;108;147m▐[0m[7m[38;2;0;49;121m▐[0m[38;2;0;0;0m   [38;2;12;55;134m▐[38;2;254;130;150;48;2;99;75;129m▀[38;2;254;131;151;48;2;71;64;118m▀[38;2;247;125;148;48;2;19;49;111m▘[0m [0m
[38;2;0;33;81m▐[38;2;254;131;151;48;2;113;86;143m▐[48;2;254;131;151m [38;2;178;103;145m▐[0m[7m[38;2;0;46;115m▐[0m[38;2;0;0;0m        [0m
[38;2;0;36;90m▐[38;2;254;131;151;48;2;131;89;143m▐[48;2;254;131;151m [38;2;171;103;146m▐[0m[7m[38;2;0;44;110m▐[0m[38;2;0;0;0m        [0m
[38;2;0;47;116m▐[38;2;254;131;151;48;2;178;103;146m▐[48;2;254;131;151m [38;2;169;100;145m▐[0m[7m[38;2;0;43;107m▐[0m[38;2;0;0;0m   [38;2;0;58;142m▗[7m[38;2;230;117;147m▀[0m[38;2;3;32;80;48;2;251;129;149m▀[38;2;252;129;149;48;2;22;45;104m▖[0m [0m
[38;2;22;61;141m▐[38;2;238;121;147;48;2;254;130;150m▘[48;2;254;131;151m [38;2;184;102;145m▐[0m[7m[38;2;21;48;108m▝[0m   [7m[38;2;19;54;123m▘[0m[38;2;254;131;151;48;2;237;118;147m▐[48;2;254;131;151m [38;2;141;92;144;48;2;247;127;149m▝[0m[7m[38;2;2;48;118m▐[0m
[38;2;123;87;143;48;2;10;36;85m▝[38;2;254;131;151;48;2;122;88;141m▀[38;2;208;114;148;48;2;252;130;150m▖[48;2;254;131;151m [38;2;250;128;150m▝[38;2;176;105;146;48;2;243;126;150m▝[38;2;146;96;146;48;2;254;131;151m▀[38;2;181;107;147;48;2;244;126;150m▘[38;2;249;128;150;48;2;254;131;151m▘[38;2;254;131;150m▗[38;2;184;107;147;48;2;248;128;150m▗[38;2;254;131;150;48;2;99;78;134m▀[0m[38;2;69;72;142m▘[0m
  [38;2;6;30;72m▀[38;2;88;74;131m▀[38;2;192;109;147m▀[38;2;252;129;150;48;2;33;47;100m▀[38;2;254;131;151;48;2;86;72;130m▀[38;2;244;126;149;48;2;13;35;83m▀[0m[38;2;161;100;146m▀[38;2;63;62;117m▀[0m  [38;2;0;5;12m [0m
[?25h