[?25l[0m [38;2;0;0;0m [38;2;21;21;21m▗[38;2;101;101;101;48;2;12;12;12m▖[48;2;0;0;0m      [0m[38;2;101;101;101m      [0m
 [38;2;226;226;226;48;2;21;21;21m▗[38;2;242;242;242;48;2;116;116;116m▞[0m[38;2;57;57;57m▘     [48;2;0;0;0m [0m[38;2;57;57;57m      [0m
[38;2;126;126;126;48;2;6;6;6m▗[38;2;228;228;228;48;2;254;254;254m▘[38;2;0;0;0;48;2;156;156;157m▐[0m[38;2;0;0;0m             [0m
[38;2;171;171;171;48;2;0;0;0m▐[48;2;254;254;254m [38;2;0;0;0;48;2;104;104;105m▐[0m[38;2;0;0;0m             [0m
[38;2;84;84;85;48;2;0;0;0m▝[38;2;173;173;173;48;2;254;254;253m▖[38;2;29;30;30;48;2;219;220;220m▐[0m[38;2;29;30;30m   [38;2;225;226;226;48;2;19;20;21m▐[38;2;161;161;162;48;2;234;235;235m▐[0m[38;2;161;161;162m  [48;2;0;0;0m [38;2;143;143;143;48;2;22;22;22m▝[38;2;80;80;80;48;2;251;251;251m▀[38;2;162;163;162;48;2;1;2;2m▖[0m[38;2;162;163;162m  [0m
 [38;2;128;128;127;48;2;1;1;1m▝[38;2;234;235;234;48;2;71;71;71m▀[38;2;158;158;158;48;2;17;17;17m▖[0m[38;2;158;158;158m  [38;2;254;254;254;48;2;22;24;24m▐[38;2;172;172;172;48;2;254;254;254m▐[48;2;0;0;0m  [0m[38;2;172;172;172m [48;2;0;0;0m [38;2;254;254;254;48;2;214;215;215m▐[38;2;77;78;78;48;2;253;253;253m▐[0m[38;2;77;78;78m  [0m
 [38;2;0;0;0m   [48;2;0;0;0m  [38;2;254;254;254;48;2;22;24;24m▐[38;2;172;172;172;48;2;254;254;254m▐[48;2;0;0;0m  [0m[38;2;172;172;172m [38;2;89;89;89;48;2;12;12;13m▐[38;2;234;234;233;48;2;22;22;22m▀[0m[38;2;83;83;83m▘  [0m
 [38;2;0;0;0m     [38;2;254;254;254;48;2;22;24;24m▐[38;2;172;172;172;48;2;254;254;254m▐[48;2;0;0;0m [0m[38;2;9;9;9m▝[38;2;237;237;237;48;2;99;99;99m▗[38;2;110;111;110;48;2;253;253;253m▀[0m[38;2;157;157;157m▖   [0m
 [38;2;0;0;0m     [38;2;254;254;254;48;2;22;24;24m▐[38;2;172;172;172;48;2;254;254;254m▐[0m[38;2;172;172;172m  [38;2;38;38;38m▝[38;2;25;25;25;48;2;226;226;226m▖[38;2;196;196;195;48;2;254;254;254m▝[38;2;192;193;192;48;2;8;8;8m▖[0m[38;2;192;193;192m  [0m
 [38;2;0;0;0m    [48;2;0;0;0m [38;2;254;254;253;48;2;18;19;19m▝[38;2;213;213;213;48;2;26;26;26m▀[48;2;0;0;0m [0m[38;2;213;213;213m  [38;2;11;11;11m▝[38;2;220;220;220;48;2;18;18;19m▀[38;2;226;226;226;48;2;31;32;32m▀[38;2;0;0;0;48;2;28;28;28m▐[0m[38;2;0;0;0m [0m
[?25h