[?25l[0m[7m[38;2;130;136;144m▖[38;2;70;84;100m▝[38;2;88;95;103m▀[0m  [38;2;2;2;2m  [0m  [7m[38;2;85;90;96m▀[38;2;107;119;132m▀[0m [38;2;43;43;43m  [0m
 [38;2;89;94;99m▀[38;2;20;34;50;48;2;74;85;98m▞[38;2;16;43;73;48;2;74;90;107m▘[38;2;11;39;70;48;2;79;97;116m▗[38;2;77;92;109;48;2;4;34;66m▀[38;2;78;93;110m▀[38;2;79;97;116m▀[38;2;51;74;99;48;2;17;44;73m▘[38;2;4;34;66;48;2;65;86;109m▀[38;2;9;38;69;48;2;4;34;66m▖[38;2;96;105;115;48;2;11;39;70m▀[0m[7m[38;2;96;105;115m▀[0m [0m
 [38;2;0;0;0m [0m [38;2;91;105;120;48;2;29;44;60m▞[38;2;7;36;67;48;2;64;84;107m▞[38;2;100;108;117;48;2;113;126;140m▐[38;2;138;147;157;48;2;11;40;71m▀[38;2;134;142;151;48;2;22;35;48m▞[0m  [7m[38;2;97;110;125m▖[0m[38;2;24;24;24;48;2;4;34;66m [38;2;69;90;113;48;2;5;34;66m▗[0m[7m[38;2;96;99;102m▗[0m
[38;2;119;128;138m▗[38;2;88;92;97;48;2;37;54;73m▝[38;2;82;96;112;48;2;36;60;87m▀[48;2;4;34;66m [0m[7m[38;2;45;69;95m▐[0m[38;2;13;41;71;48;2;140;141;141m▐[48;2;4;34;66m [38;2;157;165;173;48;2;61;74;89m▘[0m[7m[38;2;75;93;113m▀[38;2;76;93;113m▀[0m[38;2;115;132;148;48;2;60;75;91m▝[48;2;4;34;66m [38;2;76;97;119m▐[0m [0m
 [38;2;30;56;83;48;2;106;112;120m▗[38;2;125;132;141;48;2;4;34;66m▀ [0m[7m[38;2;50;73;98m▐[0m[38;2;5;35;66;48;2;133;133;134m▐[48;2;4;34;66m [0m[7m[38;2;148;155;163m▐[38;2;81;84;88m▀[0m [38;2;116;132;149m▐[48;2;4;34;66m [38;2;76;97;119m▐[0m [0m
[38;2;102;108;115m▀[38;2;87;96;107m▀[7m[38;2;122;129;138m▖[0m[38;2;1;1;1;48;2;4;34;66m [38;2;109;112;116;48;2;44;68;94m▐[38;2;4;34;66;48;2;131;136;141m▐[48;2;4;34;66m [0m[7m[38;2;93;108;125m▗[0m[38;2;86;101;118m▀[38;2;85;101;118m▀[38;2;28;41;55;48;2;101;118;135m▞[48;2;4;34;66m [38;2;76;97;119m▐[0m [0m
 [38;2;0;0;0m [7m[38;2;102;111;122m▘[0m[38;2;54;76;100;48;2;4;34;66m▗[0m[7m[38;2;96;107;119m▗[0m[38;2;4;34;66;48;2;137;145;153m▐[38;2;133;139;146;48;2;17;45;75m▗[0m[38;2;136;138;140m▘  [38;2;118;134;150m▐[48;2;4;34;66m [38;2;73;93;116m▐[0m [0m
 [38;2;136;139;142m▐[38;2;118;133;148;48;2;70;90;111m▖[38;2;150;157;166;48;2;4;34;66m▀[38;2;90;100;112m▀[38;2;65;85;107;48;2;8;37;68m▝[38;2;118;124;131;48;2;4;34;66m▀[38;2;4;34;66;48;2;55;63;72m▖[0m[7m[38;2;76;95;116m▀[0m[38;2;89;95;101;48;2;5;35;66m▀[38;2;85;102;121;48;2;11;40;71m▘[38;2;57;79;103;48;2;5;35;66m▗[38;2;7;36;68;48;2;86;99;114m▀[0m[7m[38;2;103;108;114m▝[0m
[7m[38;2;80;86;92m▘[0m[38;2;9;38;69;48;2;98;113;130m▞[38;2;98;101;104;48;2;31;49;68m▖[0m[38;2;80;96;113m▀[38;2;79;89;102m▀[38;2;75;89;105m▀[38;2;71;91;113m▀[38;2;8;37;68m▀[38;2;93;107;123;48;2;14;42;72m▖[38;2;4;34;66;48;2;85;99;114m▀[0m[38;2;83;97;113m▀[0m [38;2;84;84;85m  [0m
[38;2;40;65;92;48;2;141;144;148m▝[0m[38;2;127;130;135m▘      [0m  [38;2;66;66;67m    [0m
[?25h