[?25l[0m[7m[38;2;132;101;112m▘[0m[38;2;126;108;143;48;2;23;68;175m▀[38;2;129;104;130;48;2;0;63;177m▀[38;2;132;104;126m▀[38;2;124;109;145;48;2;23;69;175m▀[38;2;39;49;97;48;2;181;121;98m▞[0m[38;2;39;49;97m  [38;2;191;129;109;48;2;36;51;101m▞[38;2;123;109;147;48;2;23;68;175m▀[38;2;133;103;123;48;2;0;63;177m▀[38;2;129;105;133m▀[38;2;128;108;141;48;2;23;68;175m▀[0m[7m[38;2;129;96;103m▝[0m
[38;2;203;135;118m▝[7m[38;2;131;87;66m▖[0m[38;2;0;63;177;48;2;108;104;158m▐[38;2;25;69;173;48;2;0;63;177m▝[38;2;13;66;175;48;2;170;121;121m▖[0m[7m[38;2;149;99;82m▗[0m[38;2;17;11;8m  [38;2;158;105;87m▀[38;2;193;128;100m▐[38;2;0;63;177;48;2;47;79;168m▐[38;2;136;112;150;48;2;0;63;177m▐[0m [38;2;201;135;117m▘[0m
 [38;2;142;94;72m▐[38;2;0;63;177;48;2;115;107;156m▐[38;2;88;90;158;48;2;7;64;175m▗[38;2;213;147;137;48;2;23;70;173m▖[38;2;172;124;131;48;2;15;67;175m▝[0m[7m[38;2;122;93;105m▝[0m [38;2;48;32;24m [38;2;181;120;91m▐[38;2;0;63;177;48;2;54;82;166m▐[38;2;143;115;149;48;2;0;63;177m▐[0m  [0m
[38;2;201;136;116;48;2;40;53;101m▞[38;2;8;65;176;48;2;67;87;166m▞[38;2;55;83;167;48;2;0;63;177m▖[38;2;19;67;173m▐[38;2;169;129;146;48;2;1;62;177m▀[38;2;46;78;170;48;2;175;129;145m▞[38;2;104;101;159;48;2;6;64;176m▖[38;2;143;105;112;48;2;24;71;173m▀[0m[7m[38;2;117;106;156m▀[0m[38;2;137;107;130;48;2;0;62;177m▀[38;2;18;68;174;48;2;2;63;176m▘[38;2;72;87;163;48;2;0;63;177m▗[38;2;67;87;166;48;2;8;65;176m▞[38;2;39;53;101;48;2;202;136;116m▞[0m
[7m[38;2;126;97;108m▖[0m[38;2;13;64;177;48;2;202;137;121m▘[38;2;0;63;177;48;2;119;110;155m▐[38;2;86;90;158;48;2;0;63;177m▐[38;2;214;146;132;48;2;116;87;94m▘[38;2;180;130;134;48;2;11;65;175m▖[38;2;0;62;177;48;2;153;120;149m▖[38;2;127;109;154;48;2;16;68;174m▖[48;2;0;63;177m [38;2;187;136;143;48;2;52;80;169m▐[38;2;0;63;177;48;2;53;81;166m▐[38;2;148;117;147;48;2;0;63;177m▐[38;2;15;65;176;48;2;202;137;121m▝[0m[7m[38;2;126;97;109m▗[0m
  [38;2;0;63;177;48;2;119;110;155m▐[38;2;86;90;158;48;2;0;63;177m▐[0m[7m[38;2;156;103;78m▐[0m[38;2;174;118;102m▐[38;2;98;98;158;48;2;3;63;176m▖[38;2;97;98;158m▗[38;2;139;114;152;48;2;141;93;71m▀[38;2;170;124;135;48;2;13;67;175m▖[48;2;0;63;177m [38;2;148;117;147m▐[0m  [0m
[38;2;143;117;149;48;2;137;91;69m▐[38;2;155;105;98;48;2;0;63;177m▀[38;2;75;90;164;48;2;0;62;177m▘[38;2;50;78;167;48;2;2;63;177m▝[38;2;157;107;101;48;2;0;63;177m▀[38;2;65;82;167;48;2;222;151;128m▖[38;2;0;63;177;48;2;108;104;157m▐[38;2;110;104;156;48;2;0;63;177m▐[38;2;42;76;171;48;2;220;150;128m▗[38;2;177;121;116;48;2;0;63;177m▀[38;2;16;66;175;48;2;2;63;176m▘[38;2;95;96;159;48;2;0;62;177m▝[38;2;154;104;98m▀[0m[7m[38;2;161;123;146m▐[0m
 [38;2;128;97;109m▀[38;2;128;92;95m▀[38;2;128;91;91m▀[38;2;127;97;112m▀[7m[38;2;133;88;67m▖[0m[38;2;0;63;177;48;2;108;104;157m▐[38;2;110;104;156;48;2;0;63;177m▐[0m[7m[38;2;137;91;70m▗[0m[38;2;125;97;113m▀[38;2;128;90;88m▀[38;2;128;93;98m▀[38;2;129;96;107m▀[0m [0m
 [38;2;0;0;0m   [38;2;179;119;93m▗[38;2;161;107;86m▐[38;2;0;63;177;48;2;82;92;162m▐[38;2;81;92;162;48;2;0;63;177m▐[0m[7m[38;2;159;106;87m▐[0m[38;2;176;117;91m▖    [0m
 [38;2;0;0;0m   [38;2;53;55;96;48;2;176;119;98m▞[38;2;33;74;172;48;2;123;109;147m▀[38;2;0;63;177;48;2;132;103;125m▀▀[38;2;29;72;173;48;2;123;109;147m▀[38;2;175;118;97;48;2;53;55;96m▞[0m[38;2;175;118;97m    [0m
[?25h