[?25l[0m[7m[38;2;61;39;23m▀[0m[38;2;52;34;20;48;2;69;43;27m▘[38;2;53;33;20;48;2;73;46;27m▗[38;2;74;47;27;48;2;48;30;19m▀▀▀▀▀▀[38;2;56;34;22;48;2;72;46;27m▖[38;2;38;25;14;48;2;66;42;26m▝[0m[38;2;67;42;26m▖    [0m
[38;2;71;44;28;48;2;73;47;26m▐[48;2;71;44;28m [0m[7m[38;2;37;22;14m▐[0m[38;2;0;0;0m      [38;2;61;38;23m▝[38;2;71;44;28m▀▘    [0m
[38;2;71;44;28;48;2;73;46;26m▐[48;2;71;44;28m [0m[7m[38;2;35;22;14m▐[0m[38;2;0;0;0m [38;2;40;26;15m▐[38;2;52;33;20;48;2;71;44;28m▀▀[48;2;69;42;27m▀[38;2;52;34;20m▀▀▀[38;2;52;33;20m▀[48;2;69;43;27m▀[38;2;50;32;18;48;2;71;44;28m▀[0m[7m[38;2;70;44;28m▀[0m[38;2;54;35;20m▖[0m
[38;2;52;33;19;48;2;71;44;27m▖[48;2;71;44;28m [0m[7m[38;2;55;34;21m▝[38;2;52;33;19m▀[38;2;55;34;20m▀[0m[38;2;10;6;4;48;2;71;44;28m  [0m[7m[38;2;54;34;19m▀[38;2;52;33;19m▀▀[0m  [38;2;3;2;1m [38;2;46;28;18m▐[48;2;71;44;28m [38;2;61;40;22;48;2;71;44;27m▝[0m
 [38;2;58;36;22m▀[38;2;69;43;27m▀▀▀▀▀▀▀[7m[38;2;69;42;27m▖[0m[38;2;10;6;4;48;2;71;44;28m [0m[7m[38;2;60;38;23m▝[0m[38;2;15;10;5m [38;2;35;22;14m▐[48;2;71;44;28m [38;2;71;45;26m▐[0m
   [38;2;20;13;6m [0m [38;2;21;13;8;48;2;71;44;28m  [0m [38;2;0;0;0m [38;2;59;37;23m▐[48;2;71;44;28m [38;2;47;29;17m▐[0m[38;2;47;29;17m [38;2;35;22;14m▐[48;2;71;44;28m [38;2;71;45;26m▐[0m
[38;2;71;44;28;48;2;57;37;19m▐[48;2;71;44;28m [0m [38;2;0;0;0m [0m [38;2;21;13;8;48;2;71;44;28m  [0m [38;2;0;0;0m [38;2;60;37;23m▐[48;2;71;44;28m [38;2;47;29;17m▐[0m[38;2;47;29;17m [38;2;35;22;14m▐[48;2;71;44;28m [38;2;71;45;26m▐[0m
[38;2;70;44;28m▝[38;2;54;34;21;48;2;70;43;27m▖[38;2;44;28;16;48;2;68;42;26m▝[38;2;42;26;16;48;2;71;44;28m▀[38;2;46;29;17m▀  [38;2;44;28;17m▀[38;2;42;26;16m▀[38;2;54;34;20;48;2;70;43;28m▘[38;2;53;33;20;48;2;70;43;27m▗[0m[38;2;70;43;28m▘ [38;2;35;22;14m▐[48;2;71;44;28m [38;2;71;45;26m▐[0m
     [38;2;23;15;9;48;2;71;44;28m  [0m   [38;2;7;4;2m   [38;2;42;26;16m▐[48;2;71;44;28m [38;2;67;43;24;48;2;71;44;27m▗[0m
 [38;2;0;0;0m   [38;2;45;29;16m▐[38;2;71;44;28;48;2;70;43;27m▀▀[38;2;53;33;21m▀[38;2;52;32;20m▀▀▀▀[38;2;53;32;20m▀[38;2;70;43;27;48;2;64;40;24m▞[38;2;71;44;28;48;2;39;25;14m▀[0m[38;2;65;40;25m▘[0m
[?25h