[?25l[0m [38;2;0;0;0m [38;2;0;61;61m▗[7m[38;2;32;91;106m▀[0m[38;2;0;57;63;48;2;144;163;177m▀[38;2;13;75;90;48;2;191;205;211m▀[38;2;16;78;92m▀[38;2;0;59;65;48;2;145;164;177m▀[0m[7m[38;2;36;90;108m▀[38;2;66;109;127m▀[0m[38;2;0;55;55;48;2;0;66;80m▀[0m[38;2;0;55;55m  [0m
 [7m[38;2;0;58;62m▘[0m[38;2;192;206;212;48;2;55;103;120m▗[38;2;169;184;194;48;2;192;206;212m▘[38;2;94;118;142m▗[38;2;115;141;158;48;2;0;64;70m▀[0m[38;2;64;110;126m▀[38;2;123;148;163;48;2;0;60;64m▀[38;2;55;96;118;48;2;186;200;207m▖[38;2;175;188;196;48;2;192;206;212m▐[38;2;0;72;72;48;2;0;59;87m▐[0m[38;2;0;72;72m  [0m
 [38;2;114;136;157;48;2;17;84;98m▗[48;2;192;206;212m  [38;2;55;88;117;48;2;193;207;213m▐[0m[7m[38;2;0;70;75m▝[0m[38;2;93;110;127;48;2;8;37;52m▗[0m [7m[38;2;8;77;85m▖[0m[38;2;14;75;95;48;2;149;166;178m▖[38;2;0;72;72;48;2;0;59;87m▐[0m[38;2;0;72;72m  [0m
 [38;2;108;131;154;48;2;16;83;98m▝[38;2;192;206;211;48;2;192;206;212m▖[38;2;148;166;176;48;2;191;205;211m▐[38;2;67;118;127;48;2;172;185;192m▖[38;2;35;82;107;48;2;172;185;194m▝[38;2;175;190;199;48;2;0;85;90m▐[0m[7m[38;2;141;170;174m▀[38;2;92;129;138m▀[38;2;14;56;64m▗[0m[38;2;0;75;79m▀  [0m
 [38;2;24;87;97;48;2;14;45;51m▐[38;2;192;206;212;48;2;94;125;142m▝[38;2;191;205;211;48;2;139;163;169m▀[38;2;247;235;237;48;2;171;190;193m▝[38;2;250;229;232;48;2;156;178;182m▘[38;2;170;190;195;48;2;42;112;113m▐[38;2;238;223;227;48;2;76;131;133m▀[38;2;247;241;242;48;2;108;149;154m▘[38;2;3;68;80;48;2;54;108;121m▀[0m[7m[38;2;46;100;108m▀[0m  [0m
  [38;2;0;45;52m▝[38;2;1;75;87m▀[38;2;94;128;139;48;2;170;191;192m▖[38;2;140;173;175;48;2;237;222;225m▀[38;2;10;95;96;48;2;188;202;208m▐[38;2;232;224;227;48;2;174;191;193m▐[38;2;78;123;133;48;2;211;215;217m▗[38;2;174;187;195;48;2;191;205;211m▀[38;2;27;67;100;48;2;169;184;193m▝[0m[7m[38;2;0;68;79m▝[0m[38;2;0;12;13m [0m
 [7m[38;2;2;73;90m▀[38;2;0;65;69m▀[0m[38;2;36;54;74m▝[38;2;67;97;107m▘[38;2;46;70;78m▝[38;2;0;79;88;48;2;153;168;180m▐[38;2;142;160;173;48;2;18;79;97m▀[38;2;130;154;162;48;2;179;193;200m▝[38;2;115;138;152;48;2;187;201;207m▘[48;2;192;206;212m [38;2;0;91;90;48;2;35;71;105m▐[0m [0m
 [38;2;89;114;140;48;2;0;80;90m▐[38;2;192;206;212;48;2;65;106;126m▖[0m[7m[38;2;1;64;71m▝[0m [38;2;0;16;16m [38;2;59;73;88m▘[38;2;0;82;89m▐[38;2;192;206;212;48;2;86;112;139m▐[48;2;192;206;212m [38;2;82;108;135;48;2;188;202;209m▗[0m[7m[38;2;2;74;87m▗[0m[38;2;0;40;40m [0m
 [38;2;89;114;141;48;2;0;80;90m▐[48;2;192;206;212m [38;2;64;101;125;48;2;182;196;204m▝[38;2;2;68;79;48;2;158;175;187m▀[0m[7m[38;2;92;126;144m▀[38;2;88;123;141m▀[0m[38;2;20;78;97;48;2;166;182;193m▀[38;2;177;192;201;48;2;191;205;211m▘[38;2;37;82;108;48;2;172;188;197m▗[38;2;92;116;140;48;2;0;64;72m▘[0m[38;2;0;58;58m▘ [0m
 [38;2;61;90;122;48;2;0;71;76m▝[0m[38;2;82;120;138m▀[38;2;43;94;112m▀[38;2;127;149;166;48;2;0;52;55m▀[38;2;183;197;204;48;2;0;62;75m▀[38;2;187;201;207;48;2;0;64;78m▀[38;2;150;167;180;48;2;0;57;63m▀[0m[38;2;55;99;120m▀[38;2;0;59;64m▀[0m [38;2;0;9;9m  [0m
[?25h