[?25l[0m[38;2;155;54;9m▗[7m[38;2;246;86;14m▀[0m[38;2;228;80;13;48;2;254;89;15m▀[38;2;207;72;12;48;2;236;82;13m▀[38;2;197;68;11;48;2;234;82;13m▀[38;2;192;67;11m▀[38;2;191;66;11m▀[38;2;193;67;11m▀[38;2;197;69;11m▀[38;2;207;72;12m▀[38;2;229;80;13;48;2;248;87;14m▀[0m[7m[38;2;235;82;13m▝[38;2;185;64;10m▀[0m[38;2;1;0;0m  [0m
[38;2;254;89;15m▐[48;2;254;89;15m [0m[38;2;186;65;10m▘[0m        [38;2;206;72;11m▀[38;2;194;68;11m▀[0m  [0m
[38;2;254;89;15m▐[48;2;254;89;15m [0m [38;2;156;54;9m▐[38;2;233;81;13;48;2;254;89;15m▖ [38;2;130;45;7;48;2;237;83;14m▗[38;2;254;89;15;48;2;130;45;7m▀▀▀▀[48;2;133;46;7m▀[38;2;183;64;10;48;2;253;88;14m▖[48;2;254;89;15m [0m[7m[38;2;176;61;10m▐[0m
[38;2;254;89;15m▝[38;2;212;74;12;48;2;254;89;15m▖[0m[7m[38;2;227;79;13m▝[38;2;199;69;11m▀[38;2;241;84;14m▘[0m[38;2;112;39;6;48;2;254;89;15m [0m[7m[38;2;191;66;11m▝[38;2;185;64;10m▀[38;2;183;64;10m▀[38;2;184;64;10m▀[38;2;192;67;11m▀[0m[38;2;129;45;7m▖[0m [38;2;209;73;12m▀[38;2;164;57;9m▀[0m
  [38;2;223;78;13m▀[38;2;226;79;13m▀[7m[38;2;249;87;14m▖[0m[38;2;103;36;6;48;2;254;89;15m [0m[7m[38;2;209;73;12m▗[0m[38;2;231;80;13m▀[38;2;233;81;13m▀[38;2;238;83;13m▀[7m[38;2;226;79;13m▖[0m[38;2;213;74;12;48;2;253;88;14m▝[0m[7m[38;2;248;87;14m▀[0m [38;2;13;4;0m [0m
[7m[38;2;211;73;12m▀[38;2;254;89;15m▀[0m [38;2;95;33;5m [38;2;254;89;15m▐[48;2;254;89;15m [0m[7m[38;2;223;78;13m▝[38;2;254;89;15m▀▀[0m[38;2;254;89;15m▖ [48;2;211;73;12m▐[38;2;225;79;13;48;2;254;89;15m▐[0m[38;2;225;79;13m  [0m
[38;2;254;89;15m▐[48;2;254;89;15m [0m [38;2;1;0;0m [38;2;254;89;15m▐[48;2;254;89;15m [0m[7m[38;2;153;53;8m▗[0m    [38;2;254;89;15;48;2;219;76;12m▐[38;2;226;79;13;48;2;251;87;14m▝[0m [38;2;3;1;0m [0m
[38;2;201;70;11m▝[7m[38;2;232;81;13m▖[0m[38;2;209;73;12;48;2;254;89;15m▝[38;2;132;46;7m▀[38;2;182;63;10m▘ [38;2;132;46;7;48;2;238;83;14m▝[48;2;254;89;15m▀▀▀[38;2;151;52;8;48;2;251;88;14m▘[0m[7m[38;2;250;87;14m▗[0m[38;2;205;71;12m▀[0m [38;2;13;4;0m [0m
 [38;2;0;0;0m [0m  [38;2;254;89;15;48;2;144;50;8m▐[48;2;254;89;15m [0m[7m[38;2;185;64;10m▐[0m     [38;2;39;13;2m   [0m
 [38;2;0;0;0m  [38;2;230;80;13m▐[38;2;254;89;15;48;2;253;88;14m▀▀[38;2;232;81;13m▝[0m[38;2;164;57;9m▘       [0m
[?25h