[?25l[0m [38;2;0;0;0m [38;2;252;57;67m▝[38;2;175;39;46;48;2;253;57;67m▖[38;2;253;57;67;48;2;254;58;68m▀[38;2;153;34;40;48;2;252;57;67m▗[0m[38;2;249;56;66m▘         [0m
 [38;2;131;29;34m▗[7m[38;2;231;52;61m▀[38;2;254;58;68m▘[0m[38;2;63;14;16;48;2;254;58;68m [0m[7m[38;2;246;56;66m▝[38;2;254;58;68m▀▀▀[38;2;242;55;64m▀[38;2;196;44;52m▀[38;2;138;31;36m▀[0m  [38;2;0;0;0m  [0m
[38;2;254;58;68m▗[38;2;247;56;66;48;2;253;57;67m▘[0m[38;2;245;55;65m▀[7m[38;2;229;52;61m▖[0m[38;2;17;4;4;48;2;254;58;68m [0m[7m[38;2;197;44;52m▗[0m[38;2;136;31;36m▀[38;2;152;34;40m▀[38;2;177;40;47m▀[38;2;211;48;56m▀[38;2;248;56;66m▀[38;2;254;58;68m▀[48;2;131;29;34m▀[0m[38;2;236;53;63m▘  [0m
[38;2;254;58;68;48;2;222;50;59m▐[38;2;199;45;53;48;2;254;58;68m▐[0m [38;2;254;58;68m▐[48;2;254;58;68m [0m[7m[38;2;222;50;59m▐[0m [38;2;151;34;40;48;2;245;55;65m▀[38;2;152;34;40;48;2;237;54;63m▀[48;2;254;58;68m▀[48;2;234;53;62m▀[38;2;149;33;39;48;2;244;55;65m▀[0m [38;2;0;0;0m   [0m
[38;2;243;55;64m▝[38;2;177;40;47;48;2;253;57;67m▖[0m[7m[38;2;240;54;64m▝[38;2;254;58;68m▘[0m[38;2;51;11;13;48;2;254;58;68m [0m[7m[38;2;244;55;65m▝[38;2;254;58;68m▀▀[38;2;251;57;67m▘[0m[38;2;22;5;5;48;2;254;58;68m [0m[7m[38;2;232;52;62m▝[38;2;238;54;63m▀[38;2;166;37;44m▀[0m [38;2;78;17;20m  [0m
  [38;2;127;28;33m▀[7m[38;2;233;53;62m▖[0m[38;2;17;4;4;48;2;254;58;68m [0m[7m[38;2;221;50;59m▗[0m[38;2;196;44;52m▀▀[7m[38;2;231;52;61m▖[0m[38;2;1;0;0;48;2;254;58;68m [0m[7m[38;2;209;47;55m▗[0m[38;2;235;53;62m▀[38;2;254;58;68m▀[38;2;238;54;63;48;2;254;58;68m▞[0m[7m[38;2;207;47;55m▝[0m [0m
[38;2;163;37;43m▗[7m[38;2;253;57;67m▀[38;2;207;47;55m▀[0m[38;2;254;58;68m▐[48;2;254;58;68m [0m[7m[38;2;222;50;59m▐[0m[38;2;0;0;0m  [38;2;224;51;60m▝[38;2;225;51;60m▀[38;2;211;47;56m▘ [0m [38;2;254;58;68m▐[48;2;254;58;68m [0m [0m
[38;2;142;32;37m▀[38;2;174;39;46m▀[38;2;250;57;66m▀[7m[38;2;254;58;68m▖[0m[38;2;126;28;33;48;2;254;58;68m [38;2;154;35;41;48;2;250;57;67m▝[0m[7m[38;2;254;58;68m▀▀▀▀▀▀[0m[38;2;165;37;44;48;2;248;56;66m▘[38;2;152;34;40;48;2;246;56;65m▗[0m[38;2;191;43;51m▀ [0m
 [38;2;0;0;0m  [38;2;254;58;68m▐[48;2;254;58;68m [0m[7m[38;2;230;52;61m▐[0m [38;2;151;34;40m▀[38;2;179;40;47m▀[38;2;188;42;50m▀[38;2;174;39;46m▀[38;2;135;30;36m▀[0m  [7m[38;2;185;42;49m▀[0m [0m
 [38;2;0;0;0m [38;2;248;56;66m▐[38;2;254;58;68;48;2;248;56;66m▀▀▀▀▀▀▀▀▀[48;2;247;56;66m▀[38;2;215;49;57;48;2;248;56;66m▗[38;2;254;58;68;48;2;154;35;40m▀[0m[38;2;214;48;57m▀[0m
[?25h