[?25l[0m  [7m[38;2;157;157;158m▀[38;2;170;138;142m▀[0m[38;2;35;35;35;48;2;119;100;104m▖[38;2;136;136;137;48;2;177;93;104m▀[38;2;201;66;87;48;2;147;135;137m▖[38;2;194;24;53;48;2;180;154;158m▖[38;2;194;33;60;48;2;156;148;149m▖[38;2;193;16;47;48;2;161;146;148m▖[38;2;138;138;139;48;2;151;72;84m▀[38;2;121;121;122;48;2;160;84;96m▀[0m[7m[38;2;169;143;145m▀[38;2;158;159;159m▀[0m [38;2;2;2;2m [0m
 [7m[38;2;159;160;161m▘[0m[38;2;187;187;187;48;2;173;69;86m▘[38;2;45;39;39;48;2;150;77;89m▝[38;2;95;71;74;48;2;196;48;73m▘[38;2;193;16;48;48;2;152;80;92m▗[38;2;143;82;92;48;2;193;80;99m▞[38;2;179;98;109;48;2;198;44;71m▐[38;2;144;111;116;48;2;195;44;70m▐[38;2;126;75;82;48;2;194;49;74m▝[38;2;192;13;46;48;2;179;76;93m▗[38;2;184;78;94;48;2;105;70;75m▝[38;2;96;43;52;48;2;154;85;95m▖[38;2;212;212;213;48;2;152;76;89m▝[0m[38;2;214;215;215m▖ [0m
 [38;2;162;161;162;48;2;85;85;86m▀[38;2;174;174;174;48;2;101;86;87m▖[38;2;42;43;43;48;2;94;87;88m▖[38;2;88;73;74;48;2;110;110;112m▀[38;2;110;111;112;48;2;82;72;73m▖[38;2;32;32;32;48;2;103;99;101m▘[38;2;88;72;73;48;2;141;142;144m▀[38;2;57;49;50;48;2;142;143;145m▀[38;2;74;63;64;48;2;115;116;118m▀[38;2;130;130;132;48;2;90;79;80m▗[38;2;62;58;58;48;2;107;108;109m▀[38;2;49;50;50;48;2;112;99;100m▗[38;2;182;182;182;48;2;90;80;80m▗[38;2;167;167;168;48;2;83;83;84m▀[0m [0m
 [7m[38;2;179;179;180m▘[0m[38;2;204;204;204;48;2;19;19;19m▘[38;2;96;97;98;48;2;13;13;13m▗[38;2;154;154;155;48;2;84;85;86m▀[38;2;102;102;103;48;2;37;37;37m▀[38;2;74;75;76;48;2;146;147;149m▖[48;2;165;166;168m  [38;2;75;75;76;48;2;151;152;154m▗[38;2;16;16;16;48;2;92;93;93m▗[38;2;168;168;168;48;2;90;91;92m▘[38;2;101;101;103;48;2;18;18;18m▖[38;2;200;200;200;48;2;15;15;15m▝[0m[7m[38;2;181;181;182m▝[0m [0m
[7m[38;2;147;148;149m▘[0m[38;2;11;11;11;48;2;189;189;189m▝[38;2;63;63;63;48;2;13;13;13m▐[38;2;185;186;187;48;2;128;128;129m▗[38;2;161;162;164;48;2;172;173;174m▐[38;2;155;156;158;48;2;94;94;95m▘[38;2;148;148;149;48;2;121;122;122m▞[38;2;88;89;89;48;2;164;165;167m▖[38;2;96;97;98m▗[38;2;113;114;114;48;2;150;151;152m▞[38;2;134;135;137;48;2;101;101;101m▝[38;2;153;153;155;48;2;169;170;171m▖[38;2;186;187;188;48;2;133;133;134m▖[38;2;12;12;12;48;2;70;70;71m▐[38;2;8;8;8;48;2;177;177;177m▘[0m[7m[38;2;150;151;152m▝[0m
[38;2;108;109;110m▝[38;2;222;222;222;48;2;108;108;108m▘[38;2;27;27;27;48;2;150;150;150m▀[38;2;96;96;97;48;2;6;6;6m▀[38;2;157;158;159;48;2;31;31;32m▀[38;2;35;36;36;48;2;127;128;129m▐[38;2;152;153;155;48;2;55;55;56m▐[38;2;65;66;67;48;2;151;152;154m▖[38;2;80;80;81;48;2;152;153;154m▗[38;2;46;46;47;48;2;129;130;131m▗[38;2;159;160;161;48;2;45;45;46m▗[38;2;158;159;161;48;2;38;38;39m▀[38;2;101;101;103;48;2;4;4;4m▀[38;2;30;30;30;48;2;146;146;146m▀[38;2;227;227;227;48;2;103;103;104m▝[0m[38;2;109;110;111m▘[0m
 [38;2;91;92;93m▝[7m[38;2;78;78;79m▖[0m[38;2;186;186;186;48;2;93;93;94m▘[38;2;190;190;190;48;2;28;28;28m▖[38;2;108;109;110;48;2;10;10;10m▝[38;2;137;138;140;48;2;74;74;75m▞[38;2;92;40;49;48;2;122;122;123m▀[38;2;59;30;35;48;2;115;116;117m▀[38;2;76;76;77;48;2;148;149;151m▞[38;2;113;114;116;48;2;14;14;14m▘[38;2;189;189;189;48;2;25;25;25m▗[38;2;186;186;186;48;2;93;93;93m▝[38;2;45;45;45;48;2;88;89;89m▐[0m[38;2;91;92;93m▘ [0m
 [38;2;0;0;0m  [38;2;95;96;97m▝[38;2;115;115;116;48;2;56;56;56m▐[38;2;54;54;55;48;2;177;177;177m▞[38;2;116;116;117;48;2;59;59;60m▞[38;2;151;151;152;48;2;89;89;89m▖[38;2;146;146;147;48;2;78;78;78m▗[38;2;71;72;73;48;2;115;115;116m▞[38;2;177;177;177;48;2;52;52;52m▞[38;2;57;57;58;48;2;118;119;119m▐[0m[38;2;96;96;97m▘   [0m
 [38;2;0;0;0m   [0m [38;2;78;78;79m▀[38;2;194;194;194;48;2;90;90;91m▝[38;2;73;73;74;48;2;155;155;155m▀[38;2;74;74;75;48;2;153;153;153m▀[38;2;190;190;190;48;2;93;93;94m▘[0m[38;2;78;79;80m▀[0m [38;2;3;3;3m    [0m
 [38;2;0;0;0m     [0m [7m[38;2;95;95;96m▖[38;2;98;98;99m▗[0m [38;2;59;59;60m      [0m
[?25h