[?25l[0m [38;2;82;28;55m▗[38;2;38;15;41;48;2;230;61;33m▀[38;2;165;47;50;48;2;254;67;26m▀[38;2;167;47;50m▀▀▀▀▀▀▀[38;2;162;46;51m▀[38;2;30;12;37;48;2;224;60;35m▀[0m[38;2;74;25;54m▖ [0m
[38;2;254;67;26;48;2;48;19;53m▗[38;2;212;57;39;48;2;254;67;26m▘           [38;2;207;56;41;48;2;254;67;25m▝[38;2;254;67;26;48;2;48;19;53m▖[0m
[38;2;254;67;26;48;2;51;24;74m▐[48;2;254;67;26m    [0m[7m[38;2;154;44;49m▗[0m[38;2;110;32;45m▀▀▀[7m[38;2;139;41;52m▖[0m[38;2;0;3;24;48;2;254;67;26m    [38;2;53;24;73m▐[0m
[38;2;254;67;26;48;2;51;24;74m▐[48;2;254;67;26m    [0m[7m[38;2;156;46;51m▐[0m   [38;2;63;24;61m▝[38;2;126;38;47m▀▀▀▀▘[0m
[38;2;223;60;35;48;2;37;19;67m▐[38;2;253;67;26;48;2;254;67;26m▖   [38;2;244;64;32;48;2;252;66;27m▝[48;2;254;67;26m▀▀▀▀▀▀[38;2;65;22;54;48;2;232;62;32m▝[0m[38;2;192;53;45m▖[0m [0m
 [38;2;192;53;45m▝[38;2;65;22;54;48;2;232;62;32m▖[38;2;254;67;26;48;2;244;65;32m▀▀▀▀▀▀[48;2;246;65;30m▀[48;2;254;67;26m   [38;2;253;67;26m▝[38;2;38;19;67;48;2;223;60;35m▐[0m
[38;2;125;38;47m▗[7m▀▀▀▀[0m[38;2;77;27;59m▖[0m   [38;2;127;38;58m▐[48;2;254;67;26m    [38;2;53;24;73m▐[0m
[38;2;254;67;26;48;2;51;24;74m▐[48;2;254;67;26m    [0m[7m[38;2;154;44;49m▝[38;2;108;32;45m▀▀▀[38;2;138;40;52m▘[0m[38;2;0;3;24;48;2;254;67;26m    [38;2;53;24;73m▐[0m
[38;2;254;67;26;48;2;49;19;54m▝[38;2;213;58;39;48;2;254;67;26m▖           [38;2;208;57;40;48;2;254;67;25m▗[38;2;254;67;26;48;2;49;19;53m▘[0m
 [38;2;84;28;55m▝[38;2;231;62;33;48;2;39;15;41m▀[38;2;254;67;26;48;2;167;47;50m▀[48;2;169;48;50m▀▀▀▀▀▀▀[48;2;164;47;50m▀[38;2;225;60;34;48;2;31;12;38m▀[0m[38;2;75;26;54m▘ [0m
[?25h