[?25l[0m [38;2;0;0;0m   [38;2;253;211;55;48;2;147;141;128m▐[38;2;253;224;119;48;2;77;77;77m▀[48;2;33;33;33m▀▀▀▀[48;2;77;77;77m▀[38;2;150;143;130;48;2;253;212;56m▐[0m[38;2;150;143;130m    [0m
 [38;2;0;0;0m   [38;2;254;207;39;48;2;148;140;126m▐[38;2;11;11;11;48;2;109;109;109m▐[48;2;0;0;0m▖  ▗[38;2;108;108;108;48;2;11;11;11m▐[38;2;150;142;127;48;2;254;208;41m▐[0m[38;2;150;142;127m    [0m
 [38;2;0;0;0m   [7m[38;2;194;176;111m▖[0m[38;2;107;105;100;48;2;251;217;94m▗[38;2;43;43;43;48;2;0;0;0m▘  [38;2;41;41;41m▝[38;2;104;102;98;48;2;250;217;95m▖[0m[7m[38;2;196;177;112m▗[0m[38;2;5;5;5m    [0m
 [38;2;0;0;0m  [0m [7m[38;2;242;209;90m▘[0m[38;2;180;170;138;48;2;8;8;8m▘[48;2;0;0;0m [38;2;179;162;103;48;2;21;21;21m▐[38;2;243;213;106;48;2;48;47;46m▖[48;2;0;0;0m [38;2;178;168;138;48;2;7;7;7m▝[0m[7m[38;2;242;209;90m▝[0m [38;2;42;42;42m   [0m
 [38;2;0;0;0m  [7m[38;2;198;176;96m▘[0m[38;2;38;38;37;48;2;200;178;99m▐[48;2;0;0;0m [38;2;141;136;122;48;2;2;2;2m▗[38;2;253;210;51;48;2;215;197;140m▞[38;2;214;196;139;48;2;253;210;49m▞[38;2;134;129;118;48;2;2;2;2m▖[48;2;0;0;0m [38;2;199;177;100;48;2;37;36;36m▐[0m[7m[38;2;200;177;97m▝[0m[38;2;6;6;6m   [0m
 [38;2;0;0;0m [38;2;225;202;119m▗[38;2;48;48;48;48;2;237;208;104m▗[38;2;205;205;205;48;2;23;23;23m▗[38;2;0;0;0;48;2;164;164;164m▀[38;2;158;150;127;48;2;53;53;53m▝[38;2;161;144;87;48;2;86;86;86m▀[48;2;87;87;87m▀[38;2;42;42;42;48;2;128;124;113m▐[38;2;0;0;0;48;2;84;84;84m▀[38;2;4;4;4;48;2;43;43;43m▀[38;2;46;46;46;48;2;237;207;104m▖[0m[38;2;227;203;118m▖  [0m
  [38;2;254;210;52;48;2;178;167;134m▞[38;2;115;112;106;48;2;0;0;0m▘[38;2;125;125;125;48;2;1;1;1m▝[38;2;0;0;0;48;2;125;123;120m▖[38;2;140;140;140;48;2;125;114;78m▀[38;2;123;123;123m▀[38;2;140;140;140m▀[38;2;151;151;151m▀[38;2;0;0;0;48;2;144;142;138m▗[38;2;155;155;155;48;2;0;0;0m▀[38;2;113;110;104m▝[38;2;179;168;135;48;2;254;210;52m▞[0m [38;2;99;96;91m [0m
[7m[38;2;253;226;122m▀[38;2;249;217;104m▘[0m[38;2;236;210;120;48;2;37;37;36m▘[48;2;0;0;0m  [38;2;59;59;59;48;2;234;205;100m▘[38;2;149;132;74;48;2;233;207;114m▝[0m[38;2;147;130;72m▀▀[38;2;149;132;74;48;2;233;207;114m▘[38;2;62;62;62;48;2;235;206;99m▝[48;2;0;0;0m  [38;2;234;209;121;48;2;36;35;35m▝[0m[7m[38;2;249;218;104m▝[38;2;253;226;121m▀[0m
[38;2;244;219;121;48;2;253;226;120m▐[38;2;31;31;31;48;2;0;0;0m▀  [38;2;1;1;1m▝[38;2;0;0;0;48;2;34;34;34m▖[38;2;226;205;130;48;2;254;223;111m▐[0m[38;2;226;205;130m  [38;2;254;224;112;48;2;227;205;128m▐[38;2;38;38;38;48;2;8;8;8m▀[38;2;2;2;2;48;2;0;0;0m▘  [38;2;31;31;31m▀[38;2;253;225;118;48;2;242;218;125m▐[0m
[38;2;252;231;152;48;2;250;221;111m▖[38;2;32;32;32;48;2;253;224;117m▀▀▀▀[38;2;41;41;41m▀[38;2;226;207;142;48;2;253;221;99m▐[0m[38;2;226;207;142m  [38;2;253;221;99;48;2;227;208;140m▐[38;2;39;39;39;48;2;253;224;117m▀[38;2;32;32;32m▀▀▀▀[38;2;252;231;150;48;2;249;221;111m▗[0m
[?25h