[?25l[0m[38;2;21;104;56;48;2;190;210;198m▗[38;2;129;172;147;48;2;21;104;56m▀▀▀▀▀▀▀▀▀▀▀▀▀▀[38;2;21;104;56;48;2;189;209;197m▖[0m
[38;2;65;130;92;48;2;219;228;222m▐[38;2;21;104;56;48;2;110;157;129m▀[38;2;106;154;125;48;2;20;103;55m▖[48;2;21;104;56m   [38;2;31;109;63m▗[38;2;21;104;56;48;2;110;157;129m▀▀▀▀▀[38;2;82;139;105;48;2;21;104;56m▖  [38;2;210;221;214m▐[0m
  [38;2;20;103;55;48;2;214;216;214m▐[48;2;21;104;56m   [38;2;50;119;78m▐[0m[7m[38;2;185;185;185m▐[0m    [38;2;21;104;56;48;2;180;204;190m▐[48;2;21;104;56m  [38;2;210;221;214m▐[0m
 [38;2;0;0;0m [38;2;20;103;55;48;2;212;214;212m▐[48;2;21;104;56m   [38;2;50;119;78m▐[0m[7m[38;2;194;194;194m▐[0m    [38;2;164;187;173m▀[38;2;126;163;140m▀▀[38;2;170;191;178m▀[0m
 [38;2;0;0;0m [38;2;20;103;55;48;2;212;214;212m▐[48;2;21;104;56m   [38;2;24;105;58m▝[38;2;51;119;79m▀▀▀[38;2;77;136;101;48;2;36;111;67m▐[0m[7m[38;2;161;161;161m▐[0m[38;2;0;0;0m    [0m
 [38;2;0;0;0m [38;2;20;103;55;48;2;212;214;212m▐[48;2;21;104;56m   [38;2;41;114;71m▗[38;2;21;104;56;48;2;146;168;155m▀[48;2;124;147;133m▀▀[38;2;43;117;74;48;2;130;150;139m▀[0m[7m[38;2;141;141;141m▐[0m[38;2;0;0;0m    [0m
 [38;2;0;0;0m [38;2;20;103;55;48;2;212;214;212m▐[48;2;21;104;56m   [38;2;50;119;78m▐[0m[7m[38;2;181;181;181m▐[0m[38;2;0;0;0m   [0m [7m[38;2;164;191;175m▀[38;2;124;165;141m▀▀[38;2;171;195;181m▀[0m
  [38;2;20;103;55;48;2;213;215;214m▐[48;2;21;104;56m   [38;2;50;119;78m▐[0m[7m[38;2;185;185;185m▐[0m    [38;2;21;104;56;48;2;180;204;190m▐[48;2;21;104;56m  [38;2;210;221;214m▐[0m
[38;2;66;130;93;48;2;219;228;222m▐[38;2;111;157;130;48;2;21;104;56m▀[38;2;107;154;126;48;2;20;103;55m▘[48;2;21;104;56m   [38;2;32;109;64m▝[38;2;111;157;130m▀▀▀▀▀[38;2;82;139;105m▘  [38;2;210;221;214m▐[0m
[38;2;21;104;56;48;2;190;210;198m▝[48;2;129;172;147m▀▀▀▀▀▀▀▀▀▀▀▀▀▀[48;2;189;209;197m▘[0m
[?25h