[?25l[0m[38;2;6;24;51m▗[38;2;4;17;35m▖[0m  [7m[38;2;28;40;57m▀[38;2;148;120;63m▀[0m[38;2;32;39;48;48;2;130;109;63m▀[38;2;80;75;62;48;2;58;61;60m▞[38;2;158;126;63;48;2;80;75;62m▗[38;2;53;55;55;48;2;194;152;63m▀[38;2;11;21;37;48;2;182;143;63m▀[0m[7m[38;2;95;84;60m▀[38;2;7;17;32m▀[0m [38;2;3;14;31m▗[7m[38;2;4;18;39m▀[0m
[38;2;84;77;63;48;2;6;24;51m▐[38;2;108;94;63;48;2;60;61;63m▞[38;2;102;90;63;48;2;174;138;63m▀[38;2;47;54;63;48;2;122;103;63m▞[38;2;190;149;63;48;2;96;86;63m▞[38;2;126;105;63;48;2;17;35;63m▘[48;2;8;30;63m [38;2;7;29;63m▐[38;2;181;142;63;48;2;193;151;63m▘[48;2;194;152;63m   [38;2;79;75;63;48;2;190;149;63m▝[38;2;113;97;63;48;2;181;143;63m▀[38;2;104;92;63;48;2;88;79;63m▘[38;2;5;22;47;48;2;99;87;63m▐[0m
[38;2;5;20;43m▝[7m[38;2;17;34;61m▖[0m[38;2;156;126;63;48;2;66;66;63m▐[38;2;165;132;63;48;2;15;34;63m▐[38;2;91;83;63;48;2;194;152;63m▀[38;2;44;52;63;48;2;156;126;63m▗[38;2;113;96;63;48;2;8;30;63m▀[38;2;7;29;63m▝[38;2;141;116;63;48;2;189;148;63m▖[48;2;194;152;63m   [38;2;170;135;63;48;2;194;152;62m▗[38;2;69;76;86;48;2;177;151;98m▐[0m[7m[38;2;7;27;58m▗[0m [0m
 [38;2;132;110;63;48;2;13;25;43m▗[38;2;31;44;63;48;2;176;139;63m▐[38;2;172;137;63;48;2;75;72;63m▗[38;2;168;134;63;48;2;88;93;99m▝[38;2;176;139;63;48;2;69;68;62m▀[38;2;80;76;63;48;2;161;129;63m▀[38;2;10;31;63;48;2;157;126;63m▀[38;2;194;152;63;48;2;109;95;63m▐[38;2;165;131;63;48;2;194;152;63m▗[38;2;194;152;63;48;2;87;80;63m▀[38;2;30;45;71;48;2;153;134;93m▖[38;2;194;152;63;48;2;106;93;63m▗[38;2;207;179;124;48;2;194;152;63m▐[0m[38;2;133;134;134m▖ [0m
 [38;2;193;151;63;48;2;42;52;63m▐[38;2;8;30;63;48;2;105;91;63m▐[38;2;194;152;63;48;2;66;67;63m▝[38;2;142;142;143;48;2;129;108;65m▝[38;2;118;127;143;48;2;123;103;63m▀[38;2;43;51;63;48;2;12;32;63m▗[38;2;156;124;63;48;2;194;152;63m▘[38;2;192;150;63m▘[38;2;53;58;63;48;2;184;144;63m▐[38;2;140;125;96;48;2;69;76;86m▐[38;2;137;128;111;48;2;186;146;63m▀[38;2;191;150;63;48;2;194;152;63m▘[38;2;194;152;64m▐[38;2;5;22;47;48;2;199;189;170m▐[0m[38;2;5;22;47m [0m
 [38;2;182;143;63;48;2;25;36;54m▝[38;2;140;115;63;48;2;187;147;63m▝[38;2;80;76;63;48;2;16;35;63m▖[38;2;36;50;70;48;2;141;125;98m▀[38;2;57;65;75;48;2;201;171;115m▀[38;2;36;48;66;48;2;166;147;110m▀[38;2;137;117;77;48;2;147;145;139m▀[38;2;124;104;62;48;2;207;197;178m▀[38;2;132;117;88;48;2;163;158;148m▀[38;2;50;62;77;48;2;173;153;113m▀[38;2;119;110;92;48;2;181;156;110m▀[38;2;142;121;78;48;2;64;68;75m▞[38;2;72;83;98;48;2;212;189;143m▗[38;2;102;108;115;48;2;4;16;34m▘[0m[38;2;102;108;115m [0m
  [38;2;70;69;63m▝[38;2;5;22;46;48;2;9;30;62m▖[38;2;163;142;103;48;2;45;55;71m▐[38;2;174;149;106;48;2;208;178;119m▘[48;2;216;184;122m [38;2;167;146;106;48;2;210;179;119m▐[38;2;140;132;115;48;2;103;102;99m▘[38;2;196;168;115;48;2;142;128;99m▐[38;2;216;184;122;48;2;200;171;115m▀[38;2;110;104;90;48;2;180;155;108m▗[38;2;68;71;75;48;2;7;26;56m▘[0m[38;2;7;25;53m▀[0m [38;2;0;2;5m [0m
 [38;2;0;0;0m  [0m [7m[38;2;5;21;46m▖[0m[38;2;52;61;74;48;2;13;33;64m▝[38;2;88;101;121;48;2;156;158;161m▗[38;2;152;157;167;48;2;70;69;63m▀[38;2;188;193;201;48;2;70;68;63m▀[38;2;169;174;183;48;2;57;70;91m▀[38;2;101;112;130;48;2;107;93;65m▘[0m[7m[38;2;6;25;53m▗[0m [38;2;1;4;10m   [0m
 [38;2;0;0;0m    [7m[38;2;7;27;57m▖[0m[38;2;46;61;84;48;2;20;37;63m▐[38;2;94;89;75;48;2;169;173;182m▀[38;2;137;114;63;48;2;151;157;167m▀[38;2;170;175;183;48;2;52;60;72m▖[38;2;24;40;63;48;2;184;145;63m▐[0m [38;2;0;0;0m    [0m
 [38;2;0;0;0m    [0m [38;2;158;126;63;48;2;10;22;41m▝[38;2;150;122;63;48;2;39;48;59m▀[38;2;138;114;63;48;2;50;57;62m▀[38;2;171;136;63;48;2;23;35;52m▀[0m[38;2;77;73;63m▘[0m [38;2;0;0;1m    [0m
[?25h