[?25l[0m[38;2;62;79;102;48;2;142;147;157m▗[38;2;119;126;139;48;2;8;30;61m▀▀▀▀▀▀▀▀▀▀▀[38;2;131;136;145;48;2;15;36;65m▀[0m[7m[38;2;130;137;149m▀[0m [38;2;47;50;56m [0m
[38;2;120;127;137m▀[7m[38;2;151;158;170m▖[0m[38;2;8;30;61;48;2;30;49;76m▐[48;2;8;30;61m [0m[7m[38;2;165;170;179m▗[0m[38;2;59;65;75;48;2;114;121;131m▖[38;2;112;120;133;48;2;111;114;121m▀▀▀▀[38;2;111;114;121;48;2;115;122;132m▖[0m[38;2;122;131;144m▀[38;2;19;40;69;48;2;132;138;147m▀[38;2;19;43;74;48;2;85;138;184m▀[38;2;147;163;178;48;2;103;153;195m▀[0m[38;2;175;180;190m▖[0m
 [38;2;181;187;197m▐[38;2;8;30;61;48;2;34;53;79m▐[48;2;8;30;61m [0m[7m[38;2;219;219;222m▐[0m[38;2;167;173;182;48;2;112;119;132m▗[38;2;8;30;61;48;2;111;122;139m▀[38;2;31;51;78;48;2;8;30;61m▖ [38;2;8;30;61;48;2;97;110;128m▀[38;2;213;215;218;48;2;59;76;99m▐[0m [38;2;205;207;211m▐[38;2;105;167;218;48;2;90;146;193m▐[38;2;102;140;173;48;2;105;167;218m▐[0m[7m[38;2;175;180;190m▐[0m
 [38;2;181;187;197m▐[38;2;8;30;61;48;2;34;53;79m▐[48;2;8;30;61m [38;2;222;222;225;48;2;55;68;88m▘[38;2;61;66;76;48;2;54;71;95m▀[38;2;171;175;184;48;2;57;70;89m▝[38;2;63;80;104;48;2;11;33;63m▘[38;2;50;89;128;48;2;9;32;63m▗[38;2;69;78;94;48;2;140;173;201m▝[38;2;61;67;77;48;2;123;168;206m▀[0m[7m[38;2;120;154;184m▘[0m[38;2;159;179;198;48;2;105;162;210m▘[38;2;155;178;199;48;2;104;163;211m▗[0m[7m[38;2;131;158;182m▗[0m[38;2;134;140;150m▘[0m
 [38;2;181;187;197m▐[38;2;8;30;61;48;2;34;53;79m▐[48;2;8;30;61m [38;2;217;218;219;48;2;42;58;82m▖[38;2;8;30;61;48;2;109;112;117m▀[48;2;147;150;156m▀[38;2;36;69;105;48;2;103;151;193m▀[38;2;104;166;217;48;2;98;157;206m▞[38;2;100;160;210;48;2;162;167;177m▀[38;2;152;169;186;48;2;103;164;215m▖[38;2;104;165;216;48;2;105;167;218m▐[38;2;124;130;140;48;2;136;165;192m▗[0m[38;2;135;138;145m▘  [0m
 [38;2;181;187;197m▐[38;2;8;30;61;48;2;34;53;79m▐[48;2;8;30;61m [0m[7m[38;2;220;221;223m▐[0m[38;2;3;8;18m [38;2;146;151;161m▐[38;2;105;167;218;48;2;105;139;171m▐[38;2;99;159;208;48;2;105;167;218m▐[0m[7m[38;2;188;193;201m▐[38;2;153;165;179m▖[0m[38;2;101;144;181;48;2;104;166;217m▖[38;2;180;189;199;48;2;99;155;202m▝[0m[38;2;193;198;204m▖  [0m
 [38;2;181;187;197m▐[38;2;86;139;185;48;2;33;56;85m▗[38;2;47;84;122;48;2;93;151;199m▀[0m[7m[38;2;220;221;223m▐[0m [38;2;146;151;161m▐[38;2;105;167;218;48;2;105;139;171m▐[38;2;99;159;208;48;2;105;167;218m▐[0m[7m[38;2;188;193;201m▐[0m [38;2;76;81;92;48;2;152;175;197m▖[38;2;98;157;206;48;2;105;167;218m▖[38;2;179;183;189;48;2;113;155;191m▝[0m[38;2;136;141;150m▖[0m [0m
[38;2;106;141;173;48;2;150;157;167m▗[38;2;151;179;203;48;2;104;165;216m▀[38;2;93;143;186;48;2;104;166;217m▘[38;2;92;149;197m▝[38;2;153;182;208;48;2;104;165;216m▀[38;2;200;202;208;48;2;112;147;178m▐[0m[38;2;146;151;161m▐[38;2;105;167;218;48;2;105;139;171m▐[38;2;99;159;208;48;2;105;167;218m▐[0m[7m[38;2;188;193;201m▐[0m[38;2;13;20;32m [38;2;128;133;143m▝[38;2;175;178;185;48;2;115;156;191m▖[38;2;99;159;208;48;2;104;166;217m▝[38;2;147;177;203;48;2;104;165;216m▀[38;2;102;139;172;48;2;159;169;181m▖[0m
[38;2;106;109;116m▀[38;2;118;120;125m▀▀▀▀[38;2;80;86;97;48;2;126;130;137m▖[0m[7m[38;2;146;158;171m▘[0m[38;2;105;167;218;48;2;102;138;172m▐[38;2;100;159;209;48;2;105;167;218m▐[0m[7m[38;2;156;169;183m▝[38;2;141;149;159m▀[0m [38;2;131;133;137m▝[38;2;118;120;125m▀▀[38;2;108;111;117m▀[0m
 [38;2;0;0;0m    [38;2;154;170;185;48;2;107;113;124m▐[38;2;105;167;218;48;2;143;164;185m▀▀▀▀[38;2;201;204;208;48;2;113;150;183m▐[0m [38;2;0;0;0m    [0m
[?25h