[?25l[0m[38;2;24;107;76;48;2;23;106;75m▗[38;2;23;106;75;48;2;24;107;76m▀▀▀▀▀▀▀[38;2;23;105;74m▀[0m[7m[38;2;22;101;71m▝[0m[38;2;21;97;69m▖     [0m
 [38;2;24;107;76;48;2;21;96;68m▐[38;2;16;75;53;48;2;23;104;74m▝[0m     [38;2;15;71;50m▝[48;2;24;107;76m  [0m [38;2;0;0;0m    [0m
 [38;2;24;107;76;48;2;21;95;67m▐[48;2;24;107;76m [0m[7m[38;2;24;107;76m▀▀▀▀▀▀[0m[38;2;7;32;22;48;2;24;107;76m [38;2;13;61;43;48;2;23;106;75m▗[0m [38;2;5;27;19m    [0m
 [38;2;24;107;76;48;2;21;95;67m▐[48;2;24;107;76m [0m[38;2;24;107;76m▀▀▀▀▀▀[48;2;24;107;76m [0m[7m[38;2;23;105;74m▝[0m [38;2;5;25;17m    [0m
 [38;2;24;107;76;48;2;21;95;67m▐[48;2;24;107;76m [0m [38;2;22;101;72;48;2;18;80;57m▐[38;2;21;96;68;48;2;24;107;76m▀▀▀[0m [38;2;0;4;2;48;2;24;107;76m  [0m [38;2;21;94;66;48;2;23;104;74m▀[38;2;21;96;68;48;2;24;107;76m▀▀[38;2;21;95;67;48;2;23;106;75m▀[0m
[7m[38;2;17;76;54m▀[0m[38;2;21;95;67;48;2;23;105;75m▘[48;2;24;107;76m [0m[7m[38;2;18;83;59m▀[38;2;17;77;54m▀[0m[38;2;22;98;69;48;2;17;77;54m▀[38;2;22;99;70m▀[0m[7m[38;2;15;71;50m▝[38;2;20;92;65m▀[0m[38;2;2;12;9;48;2;24;107;76m [38;2;21;94;67m▗[0m  [38;2;9;42;29;48;2;24;107;76m [38;2;15;70;49;48;2;23;103;73m▝[0m [0m
[38;2;23;106;75;48;2;12;55;39m▀[38;2;24;107;76;48;2;12;56;39m▀▀▀▀[38;2;23;105;75;48;2;24;107;76m▖ [38;2;24;107;76;48;2;14;64;46m▀[48;2;12;54;38m▀[0m[38;2;23;103;73m▀[0m [38;2;11;51;36m [0m [38;2;3;16;11;48;2;24;107;76m  [0m [0m
 [38;2;0;0;0m    [38;2;24;107;76;48;2;23;104;74m▐[48;2;24;107;76m [0m [38;2;0;0;0m    [0m [38;2;3;16;11;48;2;24;107;76m  [0m [0m
 [38;2;0;0;0m    [38;2;21;97;69;48;2;23;106;75m▖[48;2;24;107;76m [0m[38;2;19;88;62m▖[0m    [38;2;17;77;54m▗[48;2;24;107;76m [38;2;23;106;75m▗[0m [0m
 [38;2;0;0;0m    [38;2;19;85;60m▝[7m[38;2;22;98;69m▖[0m[38;2;22;102;72;48;2;23;106;75m▖[38;2;24;107;76m▀▀▀▀[48;2;23;105;74m▀[0m[7m[38;2;22;100;71m▗[0m[38;2;21;94;66m▘ [0m
[?25h