[?25l[0m [38;2;156;107;107m▗[7m[38;2;164;103;103m▘[0m[38;2;183;122;122;48;2;138;20;20m▀[38;2;179;113;113;48;2;139;20;20m▀▀[38;2;139;20;20;48;2;175;103;103m▖[38;2;139;19;19;48;2;173;101;101m▗[38;2;179;113;113;48;2;139;20;20m▀▀[38;2;183;122;122m▀[0m[7m[38;2;164;103;103m▝[0m[38;2;156;107;107m▖[0m [0m
[7m[38;2;176;110;110m▘[0m[38;2;192;140;140;48;2;144;32;32m▘[48;2;139;20;20m   [38;2;159;69;69m▗[38;2;159;72;72;48;2;236;226;226m▘[38;2;145;38;38;48;2;230;215;215m▝[38;2;139;23;23;48;2;139;20;20m▖   [38;2;192;140;140;48;2;143;32;32m▝[0m[7m[38;2;177;112;112m▝[0m
[38;2;191;127;127;48;2;166;77;77m▐[48;2;139;20;20m   [38;2;144;34;34m▗[38;2;198;150;150;48;2;164;78;78m▐[38;2;254;254;254;48;2;234;220;220m▐[38;2;237;227;227;48;2;251;251;251m▝[38;2;139;20;20;48;2;186;130;130m▝[48;2;139;20;20m    [38;2;168;83;83;48;2;190;126;126m▐[0m
[38;2;191;127;127;48;2;166;77;77m▐[48;2;139;20;20m   [38;2;194;142;142;48;2;153;56;56m▐[38;2;251;250;250;48;2;209;172;172m▗[48;2;254;254;254m [38;2;253;253;253m▝[38;2;136;87;87;48;2;232;217;217m▗[38;2;214;189;189;48;2;83;25;25m▀[0m[38;2;163;117;117m▀▀[38;2;163;118;118m▀[38;2;156;94;94m▀[0m
[38;2;192;131;131;48;2;166;77;77m▐[48;2;139;20;20m   [38;2;216;185;185;48;2;148;47;47m▀[38;2;215;183;183;48;2;199;154;154m▀[38;2;248;246;246;48;2;254;254;254m▖[38;2;253;253;253m▗[38;2;188;128;128;48;2;234;221;221m▗[38;2;235;221;221;48;2;164;79;79m▀[38;2;179;112;112;48;2;139;20;20m▀[38;2;184;133;133;48;2;142;29;29m▀[0m[7m[38;2;186;134;134m▀[0m[38;2;86;38;38m▖[0m
[38;2;158;108;108m▝[7m[38;2;167;104;104m▖[0m[38;2;139;20;20;48;2;180;116;116m▀[48;2;146;45;45m▀[38;2;140;26;26;48;2;167;88;88m▘[38;2;246;242;242;48;2;196;145;145m▐[48;2;254;254;254m [38;2;251;249;249m▝[38;2;197;151;151;48;2;240;231;231m▀[38;2;237;229;229;48;2;156;60;60m▖[48;2;139;20;20m  [38;2;143;32;32m▝[38;2;162;76;76;48;2;198;145;145m▐[0m
[7m[38;2;88;42;42m▀[38;2;97;61;61m▀[38;2;102;64;64m▘[0m[38;2;131;91;91;48;2;97;61;61m▀[38;2;159;112;112;48;2;220;194;194m▖[38;2;208;172;172;48;2;249;246;246m▘[48;2;254;254;254m  [38;2;209;172;172;48;2;252;251;251m▐[38;2;169;90;90;48;2;196;147;147m▐[48;2;139;20;20m   [38;2;168;83;83;48;2;190;126;126m▐[0m
[38;2;196;140;140;48;2;166;77;77m▐[38;2;157;63;63;48;2;139;20;20m▀▀[38;2;204;164;164;48;2;152;52;52m▐[38;2;246;243;243;48;2;167;84;84m▀[38;2;250;249;249;48;2;142;31;31m▀[38;2;156;61;61;48;2;242;232;232m▖[38;2;190;135;135;48;2;254;254;254m▗[38;2;254;254;254;48;2;199;151;151m▀[38;2;200;154;154;48;2;246;241;241m▞[38;2;234;220;220;48;2;141;27;27m▖[48;2;139;20;20m  [38;2;168;83;83;48;2;190;126;126m▐[0m
[7m[38;2;177;110;110m▖[0m[38;2;192;141;141;48;2;144;32;32m▖[48;2;139;20;20m   [38;2;143;32;32m▗[38;2;254;254;254;48;2;178;106;106m▐[38;2;158;66;66;48;2;254;254;254m▐[48;2;139;20;20m  [38;2;157;63;63;48;2;140;23;23m▘[48;2;139;20;20m [38;2;192;139;139;48;2;143;31;31m▗[0m[7m[38;2;177;112;112m▗[0m
 [38;2;156;107;107m▝[7m[38;2;164;104;104m▖[0m[38;2;138;20;20;48;2;183;122;122m▀[48;2;190;136;136m▀[38;2;177;106;106;48;2;225;200;200m▘[38;2;254;254;254;48;2;215;182;182m▀[38;2;249;247;247m▀[38;2;161;72;72;48;2;211;173;173m▝[38;2;139;20;20;48;2;190;137;137m▀[48;2;183;122;122m▀[0m[7m[38;2;164;103;103m▗[0m[38;2;158;109;109m▘[0m [0m
[?25h