[?25l[0m [38;2;76;26;34m▗[38;2;6;1;2;48;2;207;73;96m▀[38;2;71;23;31;48;2;240;86;112m▀[38;2;98;33;44m▀[38;2;41;13;17;48;2;238;85;111m▀[38;2;20;6;8;48;2;210;74;97m▀[38;2;37;12;16;48;2;240;86;112m▀[38;2;54;20;25;48;2;2;0;1m▖[0m[38;2;54;20;25m      [0m
[38;2;108;35;46;48;2;2;0;0m▗[38;2;166;57;75;48;2;240;86;112m▘[38;2;239;86;111m▗[38;2;228;81;105;48;2;48;15;20m▀[0m[38;2;169;60;78m▀[38;2;219;77;101;48;2;28;8;11m▀[38;2;227;80;105;48;2;240;86;112m▖ [38;2;0;0;0;48;2;54;20;25m▐[0m[38;2;0;0;0m      [0m
[38;2;142;47;63;48;2;16;5;7m▝[38;2;233;83;108;48;2;240;86;112m▖[38;2;237;85;111m▝[38;2;14;3;5;48;2;172;61;79m▀[0m[38;2;69;23;30m▖ [38;2;63;19;25m▀[38;2;73;22;29m▀[38;2;86;29;39;48;2;8;2;3m▐[48;2;177;63;82m [38;2;240;86;112;48;2;182;64;84m▗[38;2;177;63;82;48;2;240;86;112m▀[38;2;240;86;112;48;2;186;66;86m▖[48;2;177;63;82m [38;2;0;0;0;48;2;115;41;53m▐[0m
 [38;2;194;68;89;48;2;18;5;7m▝[38;2;239;86;112;48;2;87;29;39m▀[38;2;176;61;80;48;2;234;83;108m▖[38;2;239;85;111;48;2;240;86;112m▖[38;2;196;68;90;48;2;237;84;110m▝[38;2;126;43;57;48;2;240;86;112m▀[38;2;14;4;6;48;2;202;71;93m▀[0m[38;2;30;9;13m▖ [38;2;240;86;112;48;2;54;18;23m▐[48;2;240;86;112m [38;2;104;39;49m▐[0m[38;2;104;39;49m  [0m
[38;2;13;4;5m▗[7m[38;2;58;19;26m▀[38;2;52;17;22m▀[0m[38;2;0;0;0m [38;2;54;18;24m▝[38;2;139;48;63m▀[38;2;100;33;43;48;2;239;85;111m▖[48;2;240;86;112m [38;2;57;18;24;48;2;227;81;105m▐[48;2;0;0;0m [38;2;174;60;79;48;2;39;12;16m▐[38;2;129;43;57;48;2;219;78;101m▀[38;2;219;78;101;48;2;93;32;42m▖[0m[38;2;219;78;101m  [0m
[38;2;56;17;23;48;2;0;0;0m▐[48;2;240;86;112m [38;2;231;81;106m▝[38;2;16;5;7;48;2;178;62;81m▀[0m[7m[38;2;69;23;30m▀[38;2;125;43;56m▀[0m[38;2;100;33;44;48;2;239;85;111m▘[48;2;240;86;112m [38;2;41;12;17;48;2;209;74;97m▐[0m[38;2;41;12;17m [38;2;240;86;112;48;2;54;18;23m▐[48;2;240;86;112m [38;2;104;39;49m▐[0m[38;2;104;39;49m  [0m
[38;2;46;14;18;48;2;0;0;0m▐[38;2;240;86;112;48;2;154;55;72m▀[38;2;49;16;21;48;2;209;74;97m▗[38;2;240;86;112;48;2;126;44;57m▀[48;2;200;70;92m▀[48;2;194;68;89m▀[48;2;121;42;55m▀[38;2;182;64;84;48;2;9;2;4m▀[0m[38;2;9;2;3m▘ [38;2;240;86;112;48;2;54;18;23m▐[48;2;240;86;112m [38;2;104;39;49m▐[0m[38;2;104;39;49m  [0m
 [38;2;0;0;0m  [38;2;195;67;89;48;2;69;18;25m▐[38;2;151;49;67;48;2;240;86;112m▀▀[38;2;127;41;56;48;2;212;75;98m▀[48;2;0;0;0m [0m[38;2;127;41;56m  [38;2;240;86;112;48;2;61;20;26m▐[48;2;240;86;112m [38;2;103;38;48m▐[0m[38;2;103;38;48m  [0m
 [38;2;0;0;0m  [38;2;44;13;18m▝[38;2;193;67;88;48;2;24;7;10m▝[38;2;186;64;84;48;2;240;86;112m▖[38;2;239;85;111m▝[38;2;63;20;27;48;2;235;84;109m▀[0m[7m[38;2;181;63;83m▀[0m[38;2;13;3;5;48;2;219;77;101m▀[38;2;184;65;85;48;2;240;86;112m▘[38;2;234;83;109m▗[38;2;237;85;110;48;2;48;15;20m▘[0m[38;2;237;85;110m  [0m
 [38;2;0;0;0m    [38;2;70;24;32m▝[38;2;192;67;88m▀[38;2;240;86;112;48;2;51;16;22m▀[48;2;93;32;42m▀[48;2;67;22;29m▀[38;2;222;79;103;48;2;10;2;3m▀[0m[38;2;133;47;61m▘   [0m
[?25h