[?25l[0m[38;2;153;92;100;48;2;77;21;29m▐[38;2;178;128;134;48;2;225;225;225m▀[38;2;178;129;135;48;2;253;253;253m▀[38;2;178;130;136;48;2;243;243;243m▀[48;2;228;228;228m▀[38;2;177;130;136;48;2;216;216;216m▀[48;2;208;208;208m▀[38;2;177;130;137;48;2;234;234;234m▀[48;2;204;204;204m▀[38;2;177;130;136;48;2;208;208;208m▀[48;2;216;216;216m▀[38;2;178;130;136;48;2;228;228;228m▀[48;2;243;243;243m▀[38;2;178;129;135;48;2;253;253;253m▀[38;2;178;128;134;48;2;225;225;225m▀[38;2;79;22;30;48;2;154;94;101m▐[0m
 [38;2;162;135;138;48;2;79;34;40m▀[38;2;247;247;247;48;2;191;183;184m▗[38;2;168;156;157;48;2;86;28;36m▀[0m[38;2;155;115;120m▀[38;2;125;79;85m▀[38;2;225;210;211;48;2;112;46;55m▐[38;2;253;253;253;48;2;254;254;254m▐[38;2;176;176;176;48;2;175;175;175m▐[38;2;114;46;55;48;2;168;155;156m▐[0m[38;2;125;79;85m▀[38;2;155;115;120m▀[38;2;168;156;157;48;2;85;26;34m▀[38;2;247;247;247;48;2;191;183;184m▖[38;2;162;136;139;48;2;80;34;40m▀[0m [0m
  [38;2;133;76;83m▝[38;2;132;41;53m▘  [38;2;226;208;210;48;2;92;26;35m▐[38;2;253;253;253;48;2;254;254;254m▐[38;2;176;176;176;48;2;175;175;175m▐[38;2;95;27;36;48;2;167;153;154m▐[0m[38;2;95;27;36m  [38;2;130;39;51m▝[38;2;135;77;85m▘[0m [38;2;3;0;1m [0m
 [38;2;0;0;0m     [38;2;226;208;210;48;2;92;26;35m▐[38;2;253;253;253;48;2;254;254;254m▐[38;2;176;176;176;48;2;175;175;175m▐[38;2;95;27;36;48;2;167;153;154m▐[0m[38;2;95;27;36m      [0m
 [38;2;0;0;0m     [38;2;226;208;210;48;2;92;26;35m▐[38;2;253;253;253;48;2;254;254;254m▐[38;2;176;176;176;48;2;175;175;175m▐[38;2;95;27;36;48;2;167;153;154m▐[0m[38;2;95;27;36m      [0m
 [38;2;0;0;0m     [38;2;226;210;212;48;2;92;26;35m▐[38;2;253;253;253;48;2;254;254;254m▐[38;2;176;176;176;48;2;175;175;175m▐[38;2;95;27;36;48;2;167;153;154m▐[0m[38;2;95;27;36m      [0m
 [38;2;0;0;0m     [38;2;226;210;212;48;2;92;26;35m▐[38;2;253;253;253;48;2;254;254;254m▐[38;2;176;176;176;48;2;175;175;175m▐[38;2;95;27;36;48;2;167;153;154m▐[0m[38;2;95;27;36m      [0m
 [38;2;0;0;0m     [38;2;226;210;212;48;2;92;26;35m▐[38;2;253;253;253;48;2;254;254;254m▐[38;2;176;176;176;48;2;175;175;175m▐[38;2;95;27;36;48;2;167;153;154m▐[0m[38;2;95;27;36m      [0m
 [38;2;0;0;0m     [38;2;191;148;154m▐[38;2;249;247;247;48;2;253;253;253m▖[38;2;174;173;173;48;2;175;175;175m▗[0m[7m[38;2;154;113;118m▐[0m[38;2;64;18;24m      [0m
 [38;2;0;0;0m     [0m [38;2;234;223;224;48;2;83;39;45m▝[38;2;169;158;159;48;2;78;33;39m▘[0m [38;2;38;10;14m      [0m
[?25h