[?25l[0m [38;2;0;0;0m   [0m [38;2;141;117;80;48;2;111;83;57m▖[38;2;137;106;73;48;2;110;66;48m▀[0m[7m[38;2;135;102;71m▝[0m [38;2;96;86;58m   [0m
 [38;2;0;0;0m   [7m[38;2;101;83;57m▘[0m[38;2;119;78;55;48;2;140;112;78m▖[0m[7m[38;2;114;93;64m▖[0m[38;2;158;133;91;48;2;121;95;65m▖[0m[7m[38;2;117;90;63m▝[0m [38;2;88;79;54m  [0m
[38;2;140;121;83m▗[7m[38;2;113;70;50m▀[0m[38;2;155;123;84m▗[0m  [38;2;109;65;48;48;2;132;110;75m▐[38;2;112;69;49;48;2;110;66;48m▘[38;2;170;145;99;48;2;113;70;50m▗[0m[38;2;136;103;72m▀[0m [38;2;90;80;55m  [0m
[38;2;145;115;80;48;2;92;67;48m▞[38;2;109;65;48;48;2;148;122;84m▘[38;2;116;73;52;48;2;132;93;65m▀[0m[7m[38;2;122;99;68m▝[38;2;116;93;65m▀[0m[38;2;110;66;48;48;2;131;110;75m▝[38;2;109;65;48;48;2;110;66;48m▗[38;2;161;127;84;48;2;117;75;53m▖[0m [38;2;0;0;0m   [0m
[38;2;109;65;48;48;2;177;153;105m▝[38;2;186;158;107;48;2;123;82;58m▘[48;2;110;66;48m   [38;2;110;65;48m▘▝[38;2;198;170;115;48;2;113;70;50m▘[0m[7m[38;2;154;129;89m▝[0m [38;2;32;29;20m  [0m
[38;2;104;91;62m▗[38;2;110;66;48;48;2;147;118;82m▐[38;2;121;80;56;48;2;110;65;48m▖[38;2;133;95;66;48;2;110;66;48m▗[38;2;135;99;69m▖   [38;2;187;161;108;48;2;115;72;52m▝[0m[7m[38;2;143;118;81m▝[0m [38;2;8;7;5m [0m
[38;2;128;104;72m▀[38;2;177;148;101;48;2;102;74;52m▗[38;2;110;66;48;48;2;136;97;68m▞[38;2;143;124;86;48;2;143;107;74m▐[38;2;105;79;56;48;2;155;123;85m▞[38;2;174;150;102;48;2;119;77;55m▖[48;2;110;66;48m   [38;2;130;92;63m▝[0m[7m[38;2;149;121;83m▝[0m [0m
  [7m[38;2;114;92;63m▖[0m[38;2;164;133;90;48;2;142;107;74m▀[0m [38;2;143;127;87m▝[38;2;149;115;79;48;2;109;65;48m▖[38;2;160;134;90;48;2;128;110;75m▝[38;2;132;93;65;48;2;162;138;96m▀[38;2;113;70;50;48;2;110;66;48m▖[38;2;115;72;51m▐[0m[7m[38;2;178;154;105m▝[0m
 [38;2;0;0;0m  [38;2;119;97;68m▀[38;2;130;117;78m▘ [7m[38;2;133;103;72m▖[38;2;184;158;109m▀[0m[38;2;152;117;79;48;2;112;68;49m▀[38;2;139;102;71;48;2;113;70;51m▗[38;2;130;105;72;48;2;99;67;48m▖[0m[38;2;162;139;95m▀[0m
 [38;2;0;0;0m     [38;2;141;115;79m▐[38;2;166;133;91;48;2;132;112;77m▘[0m[38;2;99;82;56m▀[0m [38;2;47;43;30m  [0m
[?25h