[?25l[0m[38;2;157;106;34m▗[7m[38;2;162;72;45m▘[0m[38;2;189;98;49;48;2;156;33;53m▀[38;2;188;96;49m▀▀▀▀▀[38;2;164;101;38;48;2;156;34;52m▀[0m[7m[38;2;165;96;40m▀[0m [38;2;46;36;7m   [0m
[38;2;156;33;53;48;2;219;147;46m▐[48;2;156;33;53m [38;2;169;63;51;48;2;157;37;52m▗[0m[7m[38;2;164;96;38m▗[0m[38;2;176;89;46m▀▀▀[38;2;156;35;53;48;2;177;115;38m▐[48;2;156;33;53m [38;2;155;33;53m▝[0m[7m[38;2;194;143;37m▐[0m[38;2;0;0;0m   [0m
[38;2;156;33;53;48;2;219;145;46m▐[48;2;156;33;53m [38;2;166;56;52m▐[0m[7m[38;2;155;96;34m▝[38;2;153;81;38m▀▀▀[38;2;149;82;37m▘[38;2;145;86;35m▗[0m[38;2;140;84;34m▀[38;2;140;106;25m▘   [0m
[38;2;135;90;28m▀[7m[38;2;165;66;47m▖[0m[38;2;156;33;53;48;2;177;73;51m▀[48;2;175;69;51m▀▀▀▀[38;2;175;69;51;48;2;156;33;53m▖[38;2;164;50;52m▝[38;2;144;94;31;48;2;158;39;52m▀[0m[38;2;197;148;37m▖[0m  [38;2;3;2;0m [0m
[38;2;219;145;46;48;2;110;56;28m▖[0m[7m[38;2;155;32;53m▀[38;2;162;47;52m▀[0m[38;2;132;103;22m▖[7m[38;2;151;85;37m▘[0m[38;2;185;101;46;48;2;156;33;53m▀[38;2;169;61;52m▀[38;2;156;36;53;48;2;221;153;46m▐[48;2;156;33;53m  [38;2;162;47;52;48;2;220;157;47m▐[38;2;171;64;51;48;2;156;33;53m▀[0m[7m[38;2;166;64;49m▝[38;2;144;94;31m▀[0m
[38;2;219;145;46;48;2;160;77;42m▘[38;2;158;38;52;48;2;156;33;53m▖[38;2;165;55;52m▝[38;2;156;33;53;48;2;203;143;42m▖[48;2;156;33;53m  [38;2;212;136;47;48;2;156;34;53m▐[48;2;156;33;53m▘ [38;2;185;103;46;48;2;157;36;52m▗[0m[38;2;199;135;43m▀[38;2;156;33;53;48;2;167;58;52m▐[48;2;156;33;53m [38;2;218;143;47m▐[0m
 [38;2;156;96;36m▀[38;2;157;36;52m▀[38;2;213;155;43;48;2;119;48;34m▐[48;2;156;33;53m  [38;2;207;151;40;48;2;156;35;53m▐[0m[38;2;155;31;53m▀[38;2;172;76;48m▀[0m  [38;2;110;78;23m▀[38;2;109;76;23m▀[38;2;114;83;22m▀[0m
 [38;2;0;0;0m  [38;2;192;143;37m▐[48;2;156;33;53m  [38;2;168;132;29;48;2;156;35;53m▐[0m[38;2;168;132;29m   [0m [7m[38;2;141;87;33m▀[38;2;138;82;33m▀[38;2;149;100;32m▀[0m
 [38;2;0;0;0m  [38;2;193;144;37m▐[38;2;155;33;53;48;2;156;33;53m▖ [38;2;178;116;39;48;2;156;34;53m▐[0m[7m[38;2;176;89;46m▀▀▀[38;2;163;95;38m▘[0m[38;2;170;63;51;48;2;158;37;52m▘[48;2;156;33;53m [38;2;219;145;46m▐[0m
 [38;2;0;0;0m  [0m [38;2;165;96;40m▀[38;2;156;34;52;48;2;164;101;38m▀[38;2;156;33;53;48;2;188;94;50m▀▀▀▀▀[48;2;189;96;49m▀[0m[7m[38;2;162;72;45m▗[0m[38;2;160;107;35m▘[0m
[?25h