[?25l[0m [38;2;0;0;0m  [38;2;135;107;64m▗[0m [38;2;21;17;10m           [0m
 [38;2;0;0;0m [0m [38;2;153;121;72m▐[7m[38;2;137;74;49m▝[0m[38;2;115;82;50m▖[0m [38;2;1;1;0m         [0m
 [38;2;0;0;0m  [0m [7m[38;2;131;63;43m▖[0m[38;2;135;63;43;48;2;122;18;22m▐[38;2;86;62;38;48;2;128;53;38m▝[0m[7m[38;2;130;50;37m▀[38;2;93;59;37m▀[0m [38;2;45;36;21m      [0m
 [38;2;0;0;0m  [0m [7m[38;2;82;59;36m▀[0m[38;2;129;43;34;48;2;128;68;45m▐[38;2;157;123;74;48;2;127;37;31m▀[38;2;149;102;63;48;2;128;39;32m▀[38;2;129;42;33;48;2;135;62;43m▞[38;2;134;59;41;48;2;127;39;31m▞[38;2;101;61;39;48;2;122;18;22m▀[0m[7m[38;2;130;46;35m▀[38;2;90;60;37m▀[0m [38;2;14;11;6m  [0m
  [7m[38;2;122;93;56m▀[0m[38;2;124;86;53;48;2;125;31;28m▀[38;2;128;39;32;48;2;122;18;22m▘       [38;2;124;28;26;48;2;122;19;22m▞[38;2;112;67;43;48;2;123;23;24m▀[0m[38;2;125;86;52m▖ [0m
 [7m[38;2;135;104;63m▘[0m[38;2;150;105;64;48;2;123;24;24m▘[38;2;122;18;22;48;2;127;36;30m▀[48;2;134;59;42m▀[48;2;134;61;42m▀[48;2;126;35;29m▀[38;2;122;19;22;48;2;122;18;22m▖    [38;2;156;122;73;48;2;129;43;34m▝[38;2;123;23;24;48;2;133;57;40m▐[38;2;112;65;42;48;2;124;26;26m▐[0m[38;2;78;58;35m▖[0m
[38;2;118;93;56m▐[38;2;149;103;63m▀[38;2;144;89;57;48;2;115;82;50m▗[38;2;134;100;60;48;2;125;29;27m▀[38;2;134;59;42;48;2;122;18;22m▀[38;2;123;24;24m▘[38;2;123;22;24m▗[38;2;122;18;22;48;2;135;62;43m▀[38;2;139;73;49;48;2;123;24;25m▖[38;2;124;26;26;48;2;122;18;22m▗[38;2;122;18;22;48;2;138;69;47m▀[48;2;133;85;53m▀[48;2;129;76;49m▀[38;2;125;31;28;48;2;122;18;22m▖[38;2;135;62;43;48;2;122;21;23m▗[38;2;104;51;35;48;2;140;85;54m▀[0m
[38;2;104;82;49m▗[38;2;152;113;68;48;2;108;55;37m▞[38;2;122;18;22;48;2;133;55;40m▝[48;2;132;78;50m▀[48;2;116;70;45m▀[38;2;124;27;26;48;2;114;79;49m▀[0m[7m[38;2;126;90;55m▖[0m[38;2;130;49;37;48;2;130;87;54m▐[38;2;122;19;22;48;2;122;18;22m▖[38;2;156;121;72;48;2;127;36;30m▝[0m [38;2;11;8;5m [0m [38;2;129;42;33m▐[38;2;122;18;22;48;2;131;49;37m▀[0m[7m[38;2;111;70;44m▗[0m
[38;2;157;124;74m▝[38;2;99;75;45m▀[0m [38;2;44;35;21m   [0m  [7m[38;2;117;82;50m▖[0m[38;2;128;37;31;48;2;122;19;22m▖[38;2;115;63;41;48;2;123;23;24m▝[38;2;77;50;31;48;2;122;46;35m▀[0m[38;2;109;82;50m▘[0m  [38;2;15;12;7m [0m
 [38;2;0;0;0m     [0m [38;2;107;85;51m▝[38;2;147;101;62m▀[38;2;137;69;46;48;2;144;101;62m▘[38;2;122;19;22;48;2;116;72;45m▀[0m[38;2;131;52;38m▘    [0m
[?25h