[?25l[0m[38;2;123;64;47;48;2;25;42;71m▗[38;2;72;53;59;48;2;254;94;4m▀▀▀▀▀▀▀▀▀▀▀▀[38;2;124;65;46;48;2;25;42;71m▖[0m
[38;2;123;64;47;48;2;17;40;73m▐[48;2;254;94;4m            [38;2;17;40;73;48;2;124;65;46m▐[0m
[38;2;89;56;58;48;2;10;23;43m▝[0m[38;2;177;75;34m▀▀[38;2;208;83;22;48;2;47;44;60m▀[48;2;254;94;4m      [38;2;209;83;22;48;2;49;44;61m▀[0m[38;2;177;75;34m▀▀[38;2;89;56;57;48;2;10;23;43m▘[0m
 [38;2;0;0;0m  [38;2;71;52;61;48;2;13;30;55m▐[48;2;254;94;4m      [38;2;13;31;56;48;2;74;53;60m▐[0m[38;2;13;31;56m   [0m
 [38;2;0;0;0m  [38;2;71;52;61;48;2;13;30;55m▐[48;2;254;94;4m      [38;2;13;31;56;48;2;74;53;60m▐[0m[38;2;13;31;56m   [0m
 [38;2;0;0;0m  [38;2;71;52;61;48;2;13;30;55m▐[48;2;254;94;4m      [38;2;13;31;56;48;2;74;53;60m▐[0m[38;2;13;31;56m   [0m
 [38;2;0;0;0m  [38;2;71;52;61;48;2;13;30;55m▐[48;2;254;94;4m      [38;2;13;31;56;48;2;74;53;60m▐[0m[38;2;13;31;56m   [0m
[38;2;89;56;58;48;2;10;23;42m▗[0m[7m[38;2;176;75;34m▀▀[0m[38;2;47;44;61;48;2;208;83;22m▀[48;2;254;94;4m      [38;2;48;44;61;48;2;208;83;22m▀[0m[7m[38;2;176;75;34m▀▀[0m[38;2;89;56;58;48;2;10;23;43m▖[0m
[38;2;123;64;47;48;2;17;40;73m▐[48;2;254;94;4m            [38;2;17;40;73;48;2;124;65;46m▐[0m
[38;2;123;64;47;48;2;26;42;71m▝[38;2;254;94;4;48;2;73;53;58m▀▀▀▀▀▀▀▀▀▀▀▀[38;2;124;65;46;48;2;26;42;71m▘[0m
[?25h