[?25l[0m [38;2;0;0;0m  [38;2;81;91;102m▗[38;2;168;175;183;48;2;65;76;89m▗[0m[7m[38;2;78;89;103m▝[0m [38;2;41;43;43m  [0m [7m[38;2;75;86;100m▘[0m[38;2;170;176;185;48;2;67;78;91m▖[0m[38;2;81;91;102m▖   [0m
 [38;2;0;0;0m [38;2;91;101;111m▗[38;2;153;160;171;48;2;95;106;122m▗[38;2;175;180;187;48;2;34;54;80m▘[38;2;126;135;148;48;2;234;235;237m▝[0m[7m[38;2;61;77;97m▝[38;2;37;56;80m▀▀[38;2;57;73;94m▘[0m[38;2;111;121;137;48;2;237;238;240m▘[38;2;164;170;179;48;2;38;57;83m▝[38;2;92;104;119;48;2;134;143;156m▐[0m[38;2;91;101;111m▖  [0m
  [38;2;38;56;81;48;2;83;91;98m▐[38;2;153;159;169;48;2;15;37;66m▘[38;2;156;162;172;48;2;14;36;65m▐[38;2;208;211;216;48;2;19;41;69m▀[38;2;67;81;102;48;2;11;34;63m▘[38;2;23;44;72;48;2;11;34;64m▗[38;2;25;46;73m▖[38;2;60;75;97m▝[38;2;204;207;212;48;2;18;40;68m▀[38;2;18;39;67;48;2;161;167;177m▐[38;2;148;154;165;48;2;13;35;65m▝[38;2;83;91;99;48;2;43;61;85m▐[0m [38;2;3;3;4m [0m
 [7m[38;2;72;81;90m▘[0m[38;2;31;51;77;48;2;11;34;64m▘  [38;2;181;185;192;48;2;12;34;64m▗[38;2;13;36;65;48;2;199;203;209m▀[38;2;130;140;154;48;2;14;37;66m▐[38;2;11;34;63;48;2;136;145;159m▐[38;2;13;35;65;48;2;194;199;204m▀[38;2;192;196;202;48;2;13;35;65m▖[48;2;11;34;64m  [38;2;31;51;76m▝[0m[7m[38;2;72;81;91m▝[0m[38;2;7;7;7m [0m
[38;2;87;94;99;48;2;12;23;38m▞[38;2;11;34;64;48;2;48;66;89m▞[38;2;43;62;88;48;2;221;222;225m▀[38;2;30;50;77;48;2;233;234;236m▀[38;2;243;243;244;48;2;85;98;117m▗[38;2;183;187;192;48;2;109;124;142m▀[38;2;70;86;107;48;2;226;227;230m▖[38;2;234;235;236;48;2;29;48;75m▐[38;2;22;42;70;48;2;240;241;242m▐[38;2;251;251;251;48;2;122;132;146m▀[38;2;186;189;195;48;2;106;121;139m▀[38;2;238;238;239;48;2;90;104;122m▖[38;2;28;49;76;48;2;228;230;232m▀[38;2;45;64;89;48;2;225;226;228m▀[38;2;49;67;90;48;2;12;35;64m▞[38;2;12;23;38;48;2;87;94;100m▞[0m
[7m[38;2;65;75;85m▖[0m[38;2;193;197;203;48;2;26;47;74m▝[38;2;247;247;247;48;2;254;254;254m▖ [38;2;203;206;210;48;2;253;253;253m▘[38;2;251;251;251;48;2;254;254;254m▝[38;2;73;88;108;48;2;239;240;241m▀[38;2;220;222;225;48;2;254;254;254m▘[38;2;225;227;229m▝[38;2;68;84;106;48;2;241;241;242m▀[38;2;246;247;247;48;2;254;254;254m▘[38;2;202;204;208;48;2;253;253;253m▝[48;2;254;254;254m [38;2;250;250;250m▗[38;2;207;210;214;48;2;30;50;77m▘[0m[7m[38;2;65;75;86m▗[0m
 [38;2;25;37;53;48;2;74;87;103m▞[38;2;231;231;233;48;2;49;67;92m▝[38;2;138;147;159;48;2;251;251;251m▖[38;2;158;164;173;48;2;249;249;249m▖[38;2;253;253;253;48;2;207;209;213m▀[38;2;246;246;246;48;2;254;254;254m▗[38;2;213;216;220;48;2;40;58;82m▀[38;2;211;214;218;48;2;38;56;81m▀[38;2;240;240;241;48;2;254;254;254m▖[38;2;253;253;253;48;2;206;208;212m▀[38;2;158;164;173;48;2;250;250;250m▗[38;2;150;157;168m▗[38;2;181;186;193;48;2;18;39;67m▀[38;2;72;87;102;48;2;26;38;53m▞[0m [0m
  [38;2;78;92;108m▀[38;2;74;86;101;48;2;19;41;69m▞[38;2;139;146;157;48;2;20;42;70m▘[38;2;21;42;71;48;2;191;195;201m▖[38;2;197;201;206;48;2;59;75;97m▀[38;2;203;206;211;48;2;72;62;84m▘[38;2;196;200;205;48;2;70;59;82m▝[38;2;202;206;211;48;2;53;70;93m▀[38;2;27;47;74;48;2;192;196;202m▗[38;2;132;140;152;48;2;22;43;71m▝[38;2;19;41;69;48;2;77;89;104m▞[0m[38;2;78;92;108m▀[0m [38;2;48;50;51m [0m
 [38;2;0;0;0m  [0m [7m[38;2;47;59;73m▖[0m[38;2;11;34;64;48;2;45;61;81m▘[38;2;76;91;111;48;2;184;188;194m▖[38;2;89;68;90;48;2;166;171;179m▀[38;2;88;67;89;48;2;162;168;177m▀[38;2;85;99;119;48;2;182;185;192m▗[38;2;11;34;64;48;2;47;63;83m▝[0m[7m[38;2;47;59;73m▗[0m [38;2;54;57;59m   [0m
 [38;2;0;0;0m    [0m [7m[38;2;49;63;79m▖[0m[38;2;117;129;144;48;2;57;71;87m▀[38;2;120;131;146;48;2;56;71;87m▀[0m[7m[38;2;50;63;80m▗[0m [38;2;61;65;67m     [0m
[?25h