[?25l[0m[38;2;113;94;169;48;2;241;241;244m▐[38;2;156;143;194;48;2;72;47;145m▀▀[38;2;175;167;197;48;2;82;59;150m▀[0m[38;2;197;194;210m▖  [0m [38;2;72;47;145;48;2;172;161;204m▗[38;2;156;143;194;48;2;72;47;145m▀▀▀[38;2;241;240;244;48;2;113;94;169m▐[0m
[38;2;71;46;144;48;2;239;238;243m▐[48;2;72;47;145m   [38;2;191;184;211;48;2;75;51;146m▝[0m[7m[38;2;129;126;140m▝[0m  [38;2;91;69;155;48;2;175;168;198m▐[48;2;72;47;145m   [38;2;238;237;242;48;2;71;46;144m▐[0m
[38;2;71;46;144;48;2;239;238;243m▐[48;2;72;47;145m    [38;2;144;131;186;48;2;71;46;145m▝[0m[7m[38;2;156;150;175m▝[0m [38;2;173;172;175m▝[38;2;72;47;145;48;2;146;137;172m▝[38;2;72;48;145;48;2;72;47;145m▖ [38;2;238;237;242;48;2;71;46;144m▐[0m
[38;2;71;46;144;48;2;239;238;243m▐[38;2;104;85;163;48;2;75;51;146m▗[38;2;218;214;231;48;2;81;57;149m▖[48;2;72;47;145m   [38;2;99;79;160m▝[38;2;65;54;98;48;2;196;192;209m▞[0m  [38;2;71;59;105;48;2;193;188;211m▞[38;2;83;61;151;48;2;72;47;145m▖[38;2;238;237;242;48;2;71;46;144m▐[0m
[38;2;71;46;144;48;2;239;238;243m▐[38;2;104;85;163;48;2;72;47;145m▐[0m[7m[38;2;197;196;199m▗[0m[38;2;176;176;179;48;2;103;83;162m▖[48;2;72;47;145m   [38;2;76;52;147m▝[38;2;91;78;127;48;2;169;159;200m▞[0m[38;2;148;148;149m▖[38;2;184;184;184m▐[38;2;72;47;145;48;2;105;85;163m▐[38;2;238;237;242;48;2;71;46;144m▐[0m
[38;2;71;46;144;48;2;239;238;243m▐[38;2;104;85;163;48;2;72;47;145m▐[0m[7m[38;2;187;187;187m▐[0m[38;2;147;147;148m▝[38;2;90;78;127;48;2;170;160;200m▞[38;2;76;52;147;48;2;72;47;145m▖   [38;2;177;176;179;48;2;102;82;162m▝[0m[7m[38;2;195;195;198m▘[0m[38;2;72;47;145;48;2;105;85;163m▐[38;2;238;237;242;48;2;71;46;144m▐[0m
[38;2;71;46;144;48;2;239;238;243m▐[38;2;83;60;150;48;2;72;47;145m▝[38;2;71;59;106;48;2;193;187;211m▞[0m  [38;2;65;54;98;48;2;196;192;209m▞[38;2;100;79;160;48;2;72;47;145m▖   [38;2;217;213;230;48;2;81;57;149m▝[38;2;105;85;163;48;2;75;51;147m▘[38;2;238;237;242;48;2;71;46;144m▐[0m
[38;2;71;46;144;48;2;239;238;243m▐[48;2;72;47;145m [38;2;72;48;145m▝[38;2;72;47;145;48;2;146;137;172m▖[0m[38;2;173;173;175m▖[0m [7m[38;2;156;150;175m▖[0m[38;2;145;131;186;48;2;71;46;144m▖[48;2;72;47;145m    [38;2;238;237;242;48;2;71;46;144m▐[0m
[38;2;71;46;144;48;2;239;238;243m▐[48;2;72;47;145m   [38;2;174;167;197;48;2;90;69;155m▐[0m [38;2;109;109;109m [7m[38;2;129;126;139m▖[0m[38;2;191;185;211;48;2;75;51;146m▖[48;2;72;47;145m   [38;2;238;237;242;48;2;71;46;144m▐[0m
[38;2;113;94;169;48;2;241;241;244m▐[38;2;72;47;145;48;2;156;142;194m▀▀▀[48;2;171;160;203m▘[0m [38;2;0;0;0m  [38;2;197;194;209m▝[38;2;82;59;150;48;2;174;167;196m▀[38;2;72;47;145;48;2;156;142;194m▀▀[38;2;241;240;244;48;2;113;94;169m▐[0m
[?25h