[?25l[0m[38;2;32;56;97m▗[38;2;120;133;154;48;2;176;42;62m▀[38;2;94;66;98;48;2;219;44;55m▀[38;2;95;70;101m▀[0m[7m[38;2;173;42;63m▀[38;2;113;41;72m▀[0m[38;2;94;103;131;48;2;213;43;56m▀[38;2;86;57;90;48;2;219;44;55m▀[38;2;90;51;84m▀[38;2;91;86;116;48;2;218;43;55m▀[0m[7m[38;2;157;42;65m▀[38;2;91;100;128m▀[0m [38;2;232;231;226m  [0m
[38;2;37;51;92m▀[38;2;91;68;99m▀[38;2;104;47;78m▀[38;2;40;67;106;48;2;181;42;61m▖[48;2;219;44;55m [38;2;192;43;60m▗[38;2;213;43;56;48;2;79;76;109m▀[0m[38;2;156;42;65m▀[38;2;150;42;67m▀[38;2;202;43;58;48;2;93;106;134m▀[38;2;120;41;71;48;2;218;43;55m▖[38;2;132;41;70m▝[0m[7m[38;2;70;53;89m▝[0m [38;2;217;219;217m [0m
 [38;2;0;0;0m  [38;2;15;39;85m▐[38;2;219;44;55;48;2;222;44;54m▐[38;2;142;42;68;48;2;219;44;55m▐[0m[7m[38;2;27;61;102m▐[0m[38;2;245;242;234m  [0m [38;2;156;42;65;48;2;25;54;96m▐[48;2;219;44;55m [38;2;116;41;72;48;2;219;44;54m▝[0m[7m[38;2;90;55;88m▝[0m[38;2;97;119;144m▖[0m
 [38;2;0;0;0m  [38;2;13;39;85m▐[38;2;219;44;55;48;2;222;44;54m▐[38;2;142;42;68;48;2;219;44;55m▐[0m[7m[38;2;26;60;101m▐[0m[38;2;244;241;233m  [0m [38;2;156;42;65;48;2;21;54;97m▐[48;2;219;44;55m [38;2;219;43;55m▗[38;2;204;43;58;48;2;70;65;101m▘[0m[38;2;108;128;151m▘[0m
  [7m[38;2;90;102;130m▀[0m[38;2;218;43;55;48;2;98;57;88m▗[48;2;219;44;55m [38;2;204;43;58m▝[38;2;89;58;92m▀[0m[7m[38;2;194;43;60m▀[38;2;183;42;61m▀[0m[38;2;83;79;111;48;2;217;43;55m▀[38;2;156;42;66;48;2;219;44;54m▘[38;2;187;43;61;48;2;219;44;55m▗[38;2;219;44;55;48;2;94;62;94m▘[0m[38;2;26;60;101m▘ [0m
  [38;2;85;94;124m▀[38;2;181;42;61;48;2;81;62;95m▀[48;2;219;44;55m [38;2;208;43;57m▗[38;2;219;44;54;48;2;95;54;87m▀[38;2;206;43;58;48;2;118;136;157m▀[0m[38;2;201;43;60m▀[38;2;218;43;55;48;2;83;72;105m▀[38;2;168;42;64;48;2;219;44;54m▖[38;2;177;42;63;48;2;218;43;55m▝[38;2;218;44;55;48;2;92;66;98m▖[0m[38;2;31;65;105m▖ [0m
 [38;2;0;0;0m  [38;2;14;39;85m▐[38;2;219;44;55;48;2;222;44;54m▐[38;2;142;42;68;48;2;219;44;55m▐[0m[7m[38;2;25;59;101m▐[0m[38;2;244;241;233m  [0m [38;2;155;42;65;48;2;20;54;97m▐[48;2;219;44;55m [38;2;218;43;55m▝[38;2;200;43;58;48;2;67;67;103m▖[0m[38;2;120;138;158m▖[0m
 [38;2;0;0;0m  [38;2;14;39;85m▐[38;2;219;44;55;48;2;222;44;54m▐[38;2;142;42;68;48;2;219;44;55m▐[0m[7m[38;2;27;61;102m▐[0m[38;2;245;242;234m  [0m [38;2;157;42;65;48;2;27;54;96m▐[48;2;219;44;55m [38;2;124;41;71;48;2;219;44;54m▗[0m[7m[38;2;92;53;85m▗[0m[38;2;85;109;137m▘[0m
[7m[38;2;36;51;93m▀[38;2;95;78;108m▀[38;2;97;51;83m▀[0m[38;2;43;72;110;48;2;176;42;62m▘[48;2;219;44;55m [38;2;187;43;61m▝[38;2;78;81;114;48;2;209;43;57m▀[0m[7m[38;2;147;42;67m▀[38;2;140;41;68m▀[0m[38;2;99;114;140;48;2;195;43;59m▀[38;2;107;41;73;48;2;218;43;55m▘[38;2;142;42;68m▗[0m[7m[38;2;70;50;86m▗[0m [38;2;212;215;214m [0m
[38;2;32;51;93m▝[38;2;182;42;61;48;2;111;124;147m▀[38;2;219;44;55;48;2;96;57;89m▀[48;2;97;61;92m▀[38;2;180;42;62;48;2;124;135;156m▀[0m[38;2;125;41;70m▀[38;2;216;43;55;48;2;89;93;123m▀[38;2;219;44;55;48;2;90;49;83m▀[48;2;95;44;78m▀[38;2;219;44;54;48;2;89;76;108m▀[0m[38;2;167;42;64m▀[38;2;85;92;122m▀[0m [38;2;227;227;223m  [0m
[?25h