[?25l[0m [38;2;0;0;0m [38;2;239;240;239m▗[38;2;126;125;126;48;2;236;236;233m▗[38;2;232;233;232;48;2;46;42;43m▀[38;2;191;192;193;48;2;72;69;70m▀[38;2;199;200;200;48;2;76;73;74m▀[38;2;235;236;235;48;2;53;49;50m▀[0m[7m[38;2;111;110;111m▀[38;2;151;151;153m▀[0m[38;2;169;170;171m▖[38;2;244;243;241m▖   [0m
 [38;2;225;228;231m▗[38;2;113;111;112;48;2;226;227;228m▖[38;2;55;52;53;48;2;32;28;29m▘[38;2;169;170;171m▐[38;2;226;228;229;48;2;240;240;239m▖[0m[38;2;240;239;237m▀[38;2;197;198;200m▝[38;2;235;237;238;48;2;96;94;95m▖[38;2;216;218;220;48;2;67;64;65m▗[38;2;154;154;156;48;2;242;241;238m▘[0m [38;2;247;245;240m   [0m
 [38;2;172;174;176;48;2;237;238;236m▝[38;2;187;186;186;48;2;40;36;37m▝[38;2;75;72;73;48;2;176;175;175m▞[38;2;33;29;30;48;2;147;145;146m▀[38;2;68;65;66;48;2;34;30;31m▞[38;2;148;148;150;48;2;33;29;30m▀[38;2;232;233;232;48;2;53;49;50m▀[0m[7m[38;2;148;148;149m▀[0m[38;2;229;230;231m▖[0m [38;2;247;245;240m    [0m
 [38;2;243;243;241m▝[38;2;94;91;92;48;2;230;230;228m▝[38;2;32;28;29;48;2;181;182;183m▀[38;2;103;100;101;48;2;52;49;50m▞[38;2;172;171;172;48;2;32;28;29m▀[38;2;57;53;54;48;2;137;135;136m▖[38;2;46;42;43;48;2;231;230;230m▀[38;2;164;163;163;48;2;52;48;49m▖[38;2;88;85;86;48;2;34;30;31m▝[38;2;196;197;199;48;2;69;66;67m▀[0m[38;2;232;235;237m▖   [0m
 [38;2;0;0;0m [0m  [38;2;240;240;239m▝[38;2;175;176;177;48;2;236;236;235m▝[38;2;219;221;223;48;2;115;114;115m▖[38;2;182;181;182;48;2;48;44;45m▀[38;2;209;209;209;48;2;36;32;33m▀[38;2;163;162;163;48;2;46;42;43m▘[38;2;140;139;139;48;2;36;32;33m▗[38;2;245;245;242;48;2;231;234;236m▐[0m [38;2;246;243;236m  [0m
[38;2;240;241;240m▗[38;2;93;90;91;48;2;225;224;222m▗[38;2;198;199;200;48;2;69;66;66m▀[38;2;130;130;132;48;2;106;105;106m▘[38;2;80;77;78;48;2;91;89;90m▗[38;2;114;113;114;48;2;45;42;43m▀[38;2;36;32;33;48;2;33;29;30m▘[38;2;192;191;191;48;2;39;35;36m▝[38;2;72;69;69;48;2;152;151;151m▞[38;2;211;211;211;48;2;61;58;59m▖[38;2;42;38;39;48;2;33;29;30m▝[38;2;246;245;243;48;2;224;227;229m▐[0m [7m[38;2;237;239;239m▀[0m [0m
[38;2;205;208;210m▝[38;2;163;164;165m▘[38;2;240;240;238m▀[0m  [38;2;210;212;214;48;2;243;243;242m▐[38;2;33;29;30;48;2;32;28;29m▐[38;2;212;212;212;48;2;30;26;27m▐[38;2;62;59;60;48;2;137;136;136m▀[38;2;80;77;78;48;2;33;28;29m▀[38;2;34;30;31;48;2;33;29;30m▝[38;2;154;153;154;48;2;228;229;230m▖[38;2;209;210;211;48;2;67;64;65m▀[38;2;102;100;101;48;2;64;61;61m▐[38;2;243;244;244;48;2;165;166;168m▐[0m
 [38;2;0;0;0m   [0m [38;2;230;231;230m▝[38;2;141;141;142m▀[38;2;44;41;42;48;2;219;220;221m▀[38;2;51;48;49;48;2;130;130;131m▀[38;2;33;29;30;48;2;196;198;199m▀[38;2;103;101;102;48;2;40;36;37m▝[38;2;146;144;145;48;2;52;49;50m▘[38;2;85;82;83;48;2;223;224;224m▀[0m[38;2;228;230;231m▘[38;2;238;239;238m▘[0m
 [38;2;0;0;0m      [38;2;132;131;132;48;2;230;232;233m▗[38;2;237;239;241;48;2;84;81;82m▀[38;2;206;208;210;48;2;57;54;55m▘[38;2;41;37;38;48;2;179;180;181m▀[38;2;158;159;160;48;2;41;37;38m▖[38;2;209;210;211;48;2;71;68;69m▀[38;2;231;232;232;48;2;94;91;92m▀[0m[7m[38;2;235;237;239m▐[0m
 [38;2;0;0;0m      [38;2;203;205;206m▝[38;2;73;70;71;48;2;234;235;234m▀[38;2;93;91;92;48;2;230;230;229m▘[0m[38;2;242;242;241m▘[38;2;197;198;200m▝[38;2;50;47;48;48;2;222;223;224m▀[38;2;96;94;95;48;2;225;225;223m▘[0m[38;2;240;241;241m▘[0m
[?25h