[?25l[0m   [7m[38;2;99;88;122m▀[38;2;149;28;70m▀[0m[38;2;110;118;145;48;2;242;18;55m▀[38;2;100;56;96;48;2;254;17;53m▀[38;2;117;129;153;48;2;232;19;57m▀[0m[7m[38;2;128;35;77m▀[38;2;108;75;111m▘[0m[38;2;117;137;159;48;2;244;19;56m▀[0m[7m[38;2;233;20;58m▀[38;2;92;60;100m▀[0m
[38;2;62;37;84m▗[38;2;97;76;112;48;2;252;17;53m▀[38;2;173;26;67;48;2;254;17;53m▀[38;2;249;18;54m▘[38;2;252;17;53m▗[38;2;177;25;66;48;2;245;18;55m▗[38;2;254;17;53;48;2;135;29;72m▀[38;2;178;25;66;48;2;245;18;55m▖[38;2;252;17;53;48;2;254;17;53m▖[38;2;253;17;53m▀ [38;2;240;19;56m▗[0m[7m[38;2;40;38;86m▐[0m
[38;2;20;55;101m▐[38;2;181;25;65;48;2;249;17;54m▖[48;2;254;17;53m [38;2;203;22;61m▐[0m[7m[38;2;67;67;107m▗[0m   [7m[38;2;60;58;101m▖[0m[38;2;254;17;53;48;2;253;17;52m▐[48;2;254;17;53m [38;2;124;30;74m▐[0m[7m[38;2;87;112;142m▐[0m
[38;2;83;109;139m▐[38;2;254;17;53;48;2;132;29;72m▐[48;2;254;17;53m [38;2;182;24;65m▐[0m[7m[38;2;34;69;111m▐[0m[38;2;245;242;234m   [38;2;23;50;97m▐[38;2;253;17;52;48;2;120;53;92m▀[38;2;254;17;53;48;2;109;69;106m▀[38;2;244;18;55;48;2;69;82;119m▘[0m [0m
[38;2;103;126;151m▐[38;2;254;17;53;48;2;111;31;76m▐[48;2;254;17;53m [38;2;175;25;67m▐[0m[7m[38;2;45;78;117m▐[0m[38;2;245;242;234m        [0m
[38;2;87;113;142m▐[38;2;254;17;53;48;2;125;29;73m▐[48;2;254;17;53m [38;2;170;26;68m▐[0m[7m[38;2;53;85;122m▐[0m[38;2;245;242;234m        [0m
[38;2;43;76;116m▐[38;2;254;17;53;48;2;174;26;66m▐[48;2;254;17;53m [38;2;164;27;68m▐[0m[7m[38;2;58;89;125m▐[0m[38;2;245;242;234m   [38;2;0;41;91m▗[7m[38;2;225;22;60m▀[0m[38;2;108;128;153;48;2;250;17;53m▀[38;2;251;17;53;48;2;83;92;126m▖[0m [0m
[38;2;20;40;89m▐[38;2;235;20;57;48;2;254;16;52m▘[48;2;254;17;53m [38;2;178;25;66m▐[0m[7m[38;2;78;86;122m▝[0m   [7m[38;2;50;66;108m▘[0m[38;2;254;17;53;48;2;231;20;58m▐[48;2;254;17;53m [38;2;137;29;72;48;2;245;18;54m▝[0m[7m[38;2;41;73;114m▐[0m
[38;2;119;31;75;48;2;107;120;146m▝[38;2;254;17;53;48;2;127;36;78m▀[38;2;206;23;62;48;2;252;17;53m▖[48;2;254;17;53m [38;2;249;17;54m▝[38;2;174;26;67;48;2;242;18;55m▝[38;2;144;28;71;48;2;254;17;53m▀[38;2;180;25;65;48;2;243;18;55m▘[38;2;249;18;54;48;2;254;17;53m▘[38;2;254;17;52m▗[38;2;182;25;65;48;2;248;18;54m▗[38;2;254;17;52;48;2;113;46;88m▀[0m[38;2;65;36;83m▘[0m
  [38;2;124;138;160m▀[38;2;107;51;92m▀[38;2;190;24;65m▀[38;2;251;17;53;48;2;103;97;129m▀[38;2;254;17;53;48;2;106;53;94m▀[38;2;243;18;55;48;2;113;123;149m▀[0m[38;2;159;27;69m▀[38;2;104;72;109m▀[0m  [38;2;222;223;220m [0m
[?25h