[?25l[0m  [7m[38;2;66;66;64m▀[38;2;54;58;60m▀[0m[38;2;22;22;21;48;2;75;74;72m▞[0m[38;2;11;10;10m▀[38;2;4;4;4m▀[38;2;34;33;32m▀[38;2;102;101;98;48;2;6;6;6m▀[38;2;108;106;103;48;2;0;0;0m▀[0m [38;2;245;242;234m     [0m
[38;2;106;105;102m▗[38;2;29;30;31;48;2;154;160;160m▞[38;2;185;198;204;48;2;89;95;98m▞[0m[7m[38;2;60;60;59m▗[0m [38;2;214;211;204m   [38;2;84;83;80m▝[38;2;78;77;75;48;2;0;0;0m▖[0m [38;2;245;242;234m     [0m
[38;2;37;37;36;48;2;132;134;133m▞[38;2;174;187;193;48;2;192;206;212m▘[38;2;36;35;34;48;2;120;129;133m▐[0m [38;2;219;216;209m     [38;2;101;100;97m▝[0m [38;2;192;190;183m     [0m
[38;2;131;141;145;48;2;17;17;16m▐[48;2;192;206;212m [38;2;90;92;92;48;2;73;75;75m▞[0m[38;2;90;92;92m [0m [7m[38;2;92;91;88m▀[38;2;74;73;71m▀[38;2;58;57;55m▀[38;2;48;47;46m▀[38;2;42;42;40m▀[38;2;54;53;51m▀[38;2;97;95;92m▀[0m [38;2;154;152;147m   [0m
[7m[38;2;57;58;58m▖[0m[38;2;133;142;147;48;2;192;206;212m▖[38;2;29;31;31;48;2;167;179;185m▐[0m[38;2;103;101;98m▖[0m [7m[38;2;84;83;80m▖[0m[38;2;173;186;191;48;2;13;14;14m▐[38;2;126;135;139;48;2;178;191;196m▐[0m[7m[38;2;26;26;25m▐[0m[38;2;73;72;69m▗[38;2;41;40;39m▞[38;2;120;124;123;48;2;26;27;28m▞[38;2;62;66;68;48;2;191;205;211m▀[38;2;146;150;149;48;2;26;26;25m▞[0m [38;2;135;134;129m [0m
 [7m[38;2;65;67;67m▖[0m[38;2;179;192;197;48;2;56;60;61m▀[38;2;117;120;121;48;2;21;23;23m▞[0m[7m[38;2;86;85;82m▀[0m [38;2;195;210;216;48;2;15;16;16m▐[38;2;134;144;148;48;2;192;206;212m▐[0m[7m[38;2;19;18;18m▝[0m[38;2;74;73;71;48;2;0;0;0m▘[0m[38;2;85;84;81m▘[38;2;0;0;0m▐[38;2;192;206;212;48;2;163;175;180m▐[38;2;61;65;67;48;2;191;205;211m▐[0m[7m[38;2;33;33;32m▐[0m[38;2;245;242;234m [0m
 [38;2;0;0;0m [38;2;117;116;112m▝[38;2;28;27;26m▀[38;2;0;0;0m▀[38;2;2;2;1m▀[38;2;195;210;216;48;2;15;16;16m▐[38;2;134;144;148;48;2;192;206;212m▐[0m[7m[38;2;6;6;5m▗[0m[38;2;0;0;0m▘[7m[38;2;62;61;59m▀[0m[38;2;20;21;22;48;2;74;77;78m▖[38;2;178;191;197;48;2;53;54;53m▀[0m[38;2;45;47;48m▀[0m [38;2;196;193;187m [0m
 [38;2;0;0;0m    [0m [38;2;195;210;216;48;2;15;16;16m▐[38;2;134;144;148;48;2;192;206;212m▐[0m[7m[38;2;38;37;36m▗[38;2;57;57;55m▖[0m[38;2;180;194;199;48;2;76;82;84m▗[38;2;89;95;97;48;2;191;205;211m▀[0m[7m[38;2;92;94;94m▝[0m [38;2;214;212;205m  [0m
 [38;2;0;0;0m    [0m [38;2;195;210;216;48;2;15;16;16m▐[38;2;134;144;148;48;2;192;206;212m▐[0m[7m[38;2;26;26;25m▐[0m[38;2;245;242;234m [38;2;33;35;36m▝[38;2;31;32;32;48;2;172;184;190m▖[38;2;150;161;166;48;2;192;206;212m▝[38;2;180;184;183;48;2;38;38;38m▞[0m [38;2;211;209;202m [0m
 [38;2;0;0;0m   [7m[38;2;64;63;61m▀[38;2;24;24;23m▘[0m[38;2;196;210;216;48;2;14;15;16m▝[38;2;163;175;180;48;2;22;23;24m▀[0m[7m[38;2;0;0;0m▝[38;2;7;7;7m▀[0m [38;2;35;35;35m▝[38;2;168;180;185;48;2;41;42;41m▀[38;2;172;184;190;48;2;27;29;30m▀[0m[7m[38;2;23;24;24m▝[38;2;13;13;12m▀[0m
[?25h