[?25l[0m[38;2;165;173;181m▐[7m[38;2;62;83;106m▀[0m[38;2;150;160;170m▖[0m [38;2;245;242;234m    [0m [38;2;170;178;184m▗[7m[38;2;139;150;162m▀[0m [38;2;246;243;237m  [0m
 [38;2;156;165;174m▝[38;2;35;60;87m▀[38;2;34;59;87;48;2;143;154;165m▀[38;2;11;39;70;48;2;89;107;126m▗[38;2;118;133;149;48;2;4;34;66m▀[38;2;117;132;147m▀[38;2;91;109;128m▀[38;2;51;74;99;48;2;17;44;73m▘[38;2;4;34;66;48;2;65;86;109m▀[38;2;9;38;69;48;2;4;34;66m▖[0m[7m[38;2;40;64;91m▝[0m[38;2;116;130;146m▖[0m [0m
 [38;2;0;0;0m [0m [7m[38;2;41;65;92m▀[0m[38;2;7;36;67;48;2;64;84;107m▞[0m[7m[38;2;121;134;148m▝[0m[38;2;213;215;217;48;2;42;66;92m▘[38;2;30;55;83;48;2;196;200;203m▘[0m  [38;2;91;110;130m▐[48;2;4;34;66m [38;2;69;90;113;48;2;5;34;66m▗[0m[38;2;161;168;176m▘[0m
[38;2;164;172;181m▗[7m[38;2;26;52;80m▀[0m[38;2;156;164;172;48;2;54;76;101m▘[48;2;4;34;66m [0m[7m[38;2;45;69;95m▐[0m[38;2;13;41;71;48;2;243;243;240m▐[48;2;4;34;66m [38;2;214;216;217;48;2;64;84;107m▀[0m[7m[38;2;75;93;113m▀[38;2;76;93;113m▀[38;2;74;94;116m▘[0m[38;2;247;245;239;48;2;4;34;66m [38;2;76;97;119m▐[0m [0m
[38;2;170;176;182m▝[38;2;225;226;224;48;2;71;91;113m▀[38;2;173;180;187;48;2;4;34;66m▀ [0m[7m[38;2;50;73;98m▐[0m[38;2;5;35;66;48;2;241;241;238m▐[48;2;4;34;66m [0m[7m[38;2;184;191;198m▐[38;2;202;204;204m▀[0m [38;2;116;132;149m▐[48;2;4;34;66m [38;2;76;97;119m▐[0m [0m
[38;2;129;141;154m▝[38;2;159;168;176m▀[38;2;146;157;169m▐[48;2;4;34;66m [38;2;220;221;221;48;2;44;68;94m▐[38;2;4;34;66;48;2;211;215;217m▐[48;2;4;34;66m [0m[38;2;76;95;117m▀[38;2;115;130;146m▀[38;2;115;130;145m▀[7m[38;2;82;102;123m▖[0m[38;2;245;243;235;48;2;4;34;66m [38;2;76;97;119m▐[0m [0m
 [38;2;0;0;0m [38;2;120;134;149m▐[38;2;54;76;100;48;2;4;34;66m▗[0m[38;2;65;86;109m▘[38;2;4;34;66;48;2;173;180;187m▐[38;2;189;195;200;48;2;17;45;75m▗[0m[38;2;228;229;228m▘  [38;2;118;134;150m▐[48;2;4;34;66m [38;2;73;93;116m▐[0m [0m
 [38;2;217;219;220m▐[38;2;61;83;106;48;2;106;121;138m▐[38;2;174;181;189;48;2;4;34;66m▀[38;2;154;163;172m▀[38;2;65;85;107;48;2;8;37;68m▝[38;2;188;193;197;48;2;4;34;66m▀[0m[7m[38;2;21;48;77m▀[38;2;82;101;121m▀[0m[38;2;188;193;197;48;2;5;35;66m▀[38;2;94;111;130;48;2;11;40;71m▘[38;2;57;79;103;48;2;5;35;66m▗[38;2;7;36;68;48;2;128;140;154m▀[0m[7m[38;2;175;182;188m▐[0m
[38;2;99;115;134m▗[38;2;9;38;69;48;2;112;127;144m▞[0m[38;2;24;51;79m▀[38;2;110;126;142m▀[38;2;145;154;164m▀[38;2;125;139;153m▀[38;2;76;96;117m▀[38;2;8;37;68m▀[38;2;120;134;149;48;2;14;42;72m▖[38;2;199;203;205;48;2;21;48;77m▗[0m[38;2;119;133;147m▀[0m  [38;2;244;241;233m [0m
[38;2;40;65;92;48;2;212;215;217m▝[0m[38;2;208;210;212m▘      [0m  [38;2;242;240;234m    [0m
[?25h