[?25l[0m [38;2;0;0;0m     [38;2;241;241;241m▗[38;2;191;200;212;48;2;30;68;115m▀[0m[38;2;240;240;240m▖      [0m
 [38;2;0;0;0m  [38;2;171;180;193m▗[7m[38;2;106;127;156m▀[38;2;98;122;151m▀[0m[38;2;217;218;220;48;2;121;141;165m▘[38;2;53;39;87;48;2;175;151;164m▀[38;2;217;218;220;48;2;120;140;165m▝[0m[7m[38;2;98;122;151m▀[38;2;106;127;156m▀[0m[38;2;170;180;193m▖   [0m
 [38;2;0;0;0m [38;2;230;231;231m▝[38;2;37;73;118;48;2;93;118;148m▘[38;2;99;124;153;48;2;158;172;185m▝[38;2;48;83;124;48;2;91;117;148m▀[38;2;153;32;49;48;2;62;62;101m▗[38;2;204;7;31;48;2;157;30;47m▐[38;2;214;1;29;48;2;74;56;98m▖[38;2;48;83;124;48;2;91;117;148m▀[38;2;98;123;152;48;2;158;171;185m▘[38;2;36;72;118;48;2;94;119;149m▝[0m[38;2;229;230;231m▘  [0m
 [38;2;0;0;0m  [0m [38;2;135;151;173m▀[38;2;66;41;82;48;2;75;103;139m▗[38;2;153;66;83;48;2;161;29;46m▘[38;2;165;27;44;48;2;206;5;31m▐[38;2;201;45;68;48;2;211;3;29m▝[38;2;94;30;75;48;2;75;102;138m▖[0m[38;2;135;151;173m▀[0m [38;2;219;220;221m   [0m
 [38;2;0;0;0m   [38;2;25;64;112;48;2;218;222;225m▗[38;2;15;44;96;48;2;136;34;56m▘[38;2;157;31;47;48;2;205;6;31m▘[38;2;213;2;30;48;2;116;32;65m▘[38;2;214;1;28;48;2;166;26;44m▝[38;2;23;43;95;48;2;191;7;39m▝[38;2;23;63;111;48;2;217;221;225m▖[0m[38;2;23;63;111m    [0m
 [38;2;0;0;0m [0m [38;2;16;56;106;48;2;221;223;225m▗[38;2;78;107;144;48;2;107;37;67m▘[38;2;204;7;31;48;2;159;30;46m▗[38;2;59;37;86;48;2;207;3;32m▗[38;2;12;49;101;48;2;116;137;165m▀[38;2;40;43;90;48;2;148;32;51m▖[38;2;167;26;44;48;2;213;2;28m▖[38;2;81;69;111;48;2;183;9;43m▀[38;2;17;55;106;48;2;220;223;225m▖[0m [38;2;249;247;243m  [0m
 [38;2;0;0;0m [0m [38;2;15;45;97;48;2;187;196;209m▐[38;2;112;36;65;48;2;156;31;48m▘[38;2;182;18;39;48;2;210;2;30m▘[38;2;180;190;205;48;2;63;44;91m▗[0m[38;2;242;242;242m▀[38;2;182;192;206;48;2;48;51;95m▖[38;2;189;15;37;48;2;151;32;49m▝[38;2;158;15;52;48;2;213;2;29m▝[38;2;186;195;208;48;2;20;43;95m▐[0m [38;2;248;246;241m  [0m
 [38;2;0;0;0m [38;2;68;98;136;48;2;237;237;236m▗[38;2;137;34;55;48;2;37;46;93m▐[38;2;203;7;32;48;2;163;28;45m▐[38;2;110;30;75;48;2;211;3;29m▝[38;2;83;84;124;48;2;208;5;30m▀[38;2;123;116;147m▀[38;2;83;84;124m▀[38;2;86;39;81;48;2;188;15;37m▘[38;2;208;5;30;48;2;176;22;41m▐[38;2;51;41;89;48;2;193;6;38m▐[38;2;65;96;135;48;2;237;237;236m▖[0m[38;2;65;96;135m  [0m
 [38;2;233;234;237m▗[38;2;162;175;193;48;2;47;47;91m▘[38;2;192;13;36;48;2;153;31;49m▗[38;2;107;27;71;48;2;202;8;33m▗[38;2;167;179;195;48;2;106;53;83m▗[38;2;131;35;59;48;2;166;178;193m▀▀▀[38;2;167;179;195;48;2;107;53;83m▖[38;2;74;40;79;48;2;155;31;48m▖[38;2;180;20;40;48;2;212;2;29m▖[38;2;160;173;192;48;2;63;40;87m▝[0m[38;2;232;234;236m▖ [0m
[38;2;251;249;247m▗[38;2;103;128;159;48;2;222;225;229m▐[38;2;101;37;69;48;2;117;140;168m▀[38;2;168;25;45;48;2;117;140;169m▀[38;2;202;8;35;48;2;80;108;145m▘[0m[7m[38;2;200;206;217m▐[0m[38;2;247;245;240m   [38;2;202;208;218m▐[38;2;78;39;75;48;2;117;140;168m▀[38;2;163;27;47;48;2;117;140;169m▀[38;2;130;25;61;48;2;117;140;168m▀[38;2;221;224;228;48;2;102;127;158m▐[0m[38;2;251;250;247m▖[0m
[?25h