[?25l[0m[38;2;67;55;96m▗[38;2;138;76;78;48;2;21;47;111m▀[38;2;160;91;86;48;2;0;45;113m▀[38;2;168;96;88m▀[38;2;134;73;77;48;2;22;47;110m▀[38;2;34;48;108;48;2;241;154;116m▖[0m[38;2;34;48;108m [0m [38;2;14;46;111;48;2;237;143;106m▗[38;2;131;72;77;48;2;21;47;110m▀[38;2;173;99;90;48;2;0;45;113m▀[38;2;155;88;84m▀[38;2;142;78;79;48;2;22;47;111m▀[0m[38;2;97;60;83m▖[0m
[38;2;229;101;57m▝[7m[38;2;248;161;120m▖[0m[38;2;0;45;113;48;2;107;62;80m▐[38;2;23;48;109;48;2;0;45;113m▝[38;2;12;46;111;48;2;202;100;71m▖[0m[7m[38;2;240;143;104m▗[0m[38;2;245;231;218m  [38;2;238;136;96m▀[38;2;247;121;67m▐[38;2;0;45;113;48;2;46;52;102m▐[38;2;131;66;67;48;2;0;45;113m▐[0m [38;2;228;101;56m▘[0m
 [38;2;248;154;111m▐[38;2;0;45;113;48;2;114;63;78m▐[38;2;80;58;85;48;2;6;45;111m▗[38;2;210;80;39;48;2;22;48;107m▖[38;2;190;88;66;48;2;14;47;109m▝[0m[7m[38;2;159;88;83m▀[0m [38;2;246;212;191m [38;2;251;131;77m▐[38;2;0;45;113;48;2;53;53;99m▐[38;2;138;67;65;48;2;0;45;113m▐[0m  [0m
[38;2;20;47;110;48;2;235;137;98m▗[38;2;7;45;112;48;2;65;55;95m▞[38;2;55;53;98;48;2;0;45;113m▖[38;2;17;47;109m▐[38;2;167;72;58;48;2;0;44;113m▀[38;2;44;51;102;48;2;172;73;58m▞[38;2;102;61;83;48;2;6;45;112m▖[38;2;195;111;90;48;2;23;48;107m▀[0m[7m[38;2;116;64;78m▀[0m[38;2;167;92;85;48;2;0;44;113m▀[38;2;17;47;109;48;2;2;45;112m▘[38;2;68;56;92;48;2;0;45;113m▗[38;2;65;55;95;48;2;7;45;112m▞[38;2;20;47;110;48;2;235;136;98m▖[0m
[38;2;63;54;98m▝[38;2;10;45;113;48;2;224;97;53m▘[38;2;0;45;113;48;2;118;64;75m▐[38;2;79;58;85;48;2;0;45;113m▐[0m[38;2;161;73;63m▀[38;2;190;84;59;48;2;10;46;111m▖[38;2;0;45;113;48;2;150;69;65m▖[38;2;124;65;75;48;2;16;47;109m▖[48;2;0;45;113m [38;2;185;75;50;48;2;50;52;100m▐[38;2;0;45;113;48;2;52;52;100m▐[38;2;142;68;61;48;2;0;45;113m▐[38;2;13;45;112;48;2;225;97;53m▝[0m[38;2;61;53;98m▘[0m
  [38;2;0;45;113;48;2;118;64;75m▐[38;2;79;58;85;48;2;0;45;113m▐[0m[7m[38;2;250;147;99m▐[0m[38;2;229;119;78m▐[38;2;96;60;84;48;2;3;45;112m▖[38;2;94;60;84m▗[38;2;136;66;71;48;2;249;155;111m▀[38;2;183;85;66;48;2;12;46;110m▖[48;2;0;45;113m [38;2;142;68;61m▐[0m  [0m
[38;2;142;69;69;48;2;249;158;114m▐[38;2;223;125;97;48;2;0;45;113m▀[38;2;73;56;92m▘[38;2;46;52;99;48;2;1;45;112m▝[38;2;220;122;94;48;2;0;45;113m▀[38;2;61;53;99;48;2;230;88;34m▖[38;2;0;45;113;48;2;108;63;81m▐[38;2;109;63;80;48;2;0;45;113m▐[38;2;40;50;104;48;2;227;88;37m▗[38;2;215;105;75;48;2;0;45;113m▀[38;2;14;46;111;48;2;1;45;112m▘[38;2;91;59;84;48;2;0;44;113m▝[38;2;223;126;97m▀[0m[7m[38;2;160;72;62m▐[0m
 [38;2;188;115;103m▀[38;2;207;130;110m▀[38;2;212;134;112m▀[38;2;184;112;102m▀[7m[38;2;248;160;119m▖[0m[38;2;0;45;113;48;2;108;63;81m▐[38;2;109;63;80;48;2;0;45;113m▐[0m[7m[38;2;247;156;115m▗[0m[38;2;181;111;102m▀[38;2;216;137;114m▀[38;2;203;127;109m▀[38;2;192;117;104m▀[0m [0m
 [38;2;0;0;0m   [38;2;246;129;81m▗[38;2;243;138;94m▐[38;2;0;45;113;48;2;80;58;90m▐[38;2;109;63;80;48;2;17;47;108m▝[0m[7m[38;2;241;137;95m▐[0m[38;2;246;131;83m▖    [0m
 [38;2;0;0;0m   [38;2;56;52;103;48;2;240;153;116m▝[38;2;32;49;107;48;2;130;71;77m▀[38;2;0;45;113;48;2;169;97;89m▀▀[38;2;28;49;108;48;2;131;71;77m▀[38;2;56;52;103;48;2;240;154;117m▘[0m[38;2;56;52;103m    [0m
[?25h