[?25l[0m[7m[38;2;83;69;58m▀[0m[38;2;110;97;86;48;2;55;39;29m▘[38;2;95;81;73;48;2;53;36;24m▗[38;2;53;36;24;48;2;109;96;88m▀▀▀▀▀[48;2;109;96;87m▀[38;2;87;73;64;48;2;55;38;27m▖[38;2;147;137;126;48;2;62;46;36m▝[0m[38;2;65;49;39m▖    [0m
[38;2;47;30;21;48;2;56;40;27m▐[48;2;47;30;21m [0m[7m[38;2;140;130;121m▐[0m[38;2;245;242;234m      [38;2;80;65;55m▝[38;2;47;30;21m▀▘    [0m
[38;2;47;30;21;48;2;56;39;27m▐[48;2;47;30;21m [0m[7m[38;2;143;133;125m▐[0m[38;2;245;242;234m [38;2;139;128;118m▐[38;2;105;92;81;48;2;47;30;21m▀▀[48;2;51;34;25m▀[48;2;51;35;26m▀▀▀[38;2;104;92;81m▀[48;2;50;33;24m▀[38;2;117;105;93;48;2;47;30;21m▀[0m[7m[38;2;47;30;21m▀[0m[38;2;108;94;82m▖[0m
[38;2;113;100;89;48;2;50;33;23m▖[48;2;47;30;21m [0m[7m[38;2;94;81;71m▝[38;2;109;96;85m▀[38;2;99;86;75m▀[0m[38;2;215;210;202;48;2;47;30;21m  [0m[7m[38;2;103;90;80m▀[38;2;109;96;85m▀[38;2;111;98;87m▀[0m   [38;2;113;101;92m▐[48;2;47;30;21m [38;2;94;80;67;48;2;50;33;23m▝[0m
 [38;2;82;67;58m▀[38;2;49;32;24m▀[38;2;49;32;23m▀▀▀▀▀[38;2;48;32;23m▀[7m[38;2;52;36;27m▖[0m[38;2;214;208;200;48;2;47;30;21m [0m[7m[38;2;81;67;57m▝[0m[38;2;213;208;197m [38;2;143;133;125m▐[48;2;47;30;21m [38;2;57;40;29m▐[0m
   [38;2;195;188;179m [0m [38;2;185;178;170;48;2;47;30;21m  [0m [38;2;245;242;234m [38;2;82;68;58m▐[48;2;47;30;21m [38;2;121;109;99m▐[0m[38;2;121;109;99m [38;2;143;133;125m▐[48;2;47;30;21m [38;2;57;40;29m▐[0m
[38;2;47;30;21;48;2;111;98;85m▐[48;2;47;30;21m [0m [38;2;245;242;234m [0m [38;2;185;178;170;48;2;47;30;21m  [0m [38;2;245;242;234m [38;2;81;66;56m▐[48;2;47;30;21m [38;2;121;109;99m▐[0m[38;2;121;109;99m [38;2;143;133;125m▐[48;2;47;30;21m [38;2;57;40;29m▐[0m
[38;2;46;30;21m▝[38;2;93;80;70;48;2;48;31;22m▖[38;2;126;115;105;48;2;54;38;29m▝[38;2;132;121;112;48;2;47;30;21m▀[38;2;119;107;98m▀  [38;2;125;114;104m▀[38;2;132;121;111m▀[38;2;100;87;76;48;2;46;29;21m▘[38;2;97;84;75;48;2;49;32;23m▗[0m[38;2;46;29;21m▘ [38;2;143;133;125m▐[48;2;47;30;21m [38;2;57;40;29m▐[0m
     [38;2;177;170;161;48;2;47;30;21m  [0m    [38;2;243;239;231m  [38;2;125;114;105m▐[48;2;47;30;21m [38;2;74;59;46;48;2;50;33;23m▗[0m
 [38;2;0;0;0m   [38;2;88;74;62m▗[38;2;47;30;21;48;2;52;35;26m▀▀[38;2;94;81;72m▀[38;2;99;85;77m▀▀▀▀[38;2;97;83;74m▀[38;2;76;61;52;48;2;54;38;29m▗[38;2;47;30;21;48;2;140;129;120m▀[0m[38;2;67;51;41m▘[0m
[?25h