[?25l[0m [38;2;0;0;0m [38;2;79;139;137m▗[7m[38;2;34;93;108m▀[0m[38;2;72;129;132;48;2;144;163;177m▀[38;2;25;87;101;48;2;191;205;211m▀[38;2;27;88;102m▀[38;2;67;126;129;48;2;145;164;177m▀[0m[7m[38;2;36;90;108m▀[38;2;66;109;127m▀[0m[38;2;0;60;88;48;2;80;140;137m▖[0m[38;2;0;60;88m  [0m
 [7m[38;2;74;132;133m▘[0m[38;2;192;206;212;48;2;56;104;121m▗[38;2;169;184;194;48;2;192;206;212m▘[38;2;95;118;142m▗[38;2;0;77;89;48;2;111;146;156m▖[0m[38;2;64;110;126m▀[38;2;17;92;100;48;2;122;154;163m▗[38;2;55;96;118;48;2;186;200;207m▖[38;2;175;188;196;48;2;192;206;212m▐[38;2;49;121;119;48;2;0;59;88m▐[0m[38;2;49;121;119m  [0m
 [38;2;114;137;158;48;2;18;84;99m▗[48;2;192;206;212m  [38;2;55;88;118;48;2;193;207;213m▐[0m[7m[38;2;38;108;112m▝[0m[38;2;48;102;117;48;2;147;163;175m▖[0m [7m[38;2;32;101;108m▖[0m[38;2;14;76;96;48;2;149;166;179m▖[38;2;49;121;119;48;2;0;59;88m▐[0m[38;2;49;121;119m  [0m
 [38;2;108;131;154;48;2;16;83;98m▝[38;2;192;206;211;48;2;192;206;212m▖[38;2;148;166;177;48;2;191;205;211m▐[38;2;68;119;127;48;2;172;185;192m▖[38;2;35;83;107;48;2;172;186;194m▝[38;2;176;191;199;48;2;0;85;90m▐[0m[7m[38;2;154;180;183m▝[38;2;101;137;146m▀[0m[38;2;69;122;128m▀[38;2;27;103;106m▀  [0m
 [38;2;35;97;107;48;2;134;164;165m▐[38;2;192;206;212;48;2;94;126;142m▝[38;2;191;205;211;48;2;139;163;169m▀[38;2;248;236;238;48;2;171;190;194m▝[38;2;250;230;233;48;2;156;179;182m▘[38;2;171;190;195;48;2;42;112;113m▐[38;2;238;224;227;48;2;76;132;133m▀[38;2;248;241;242;48;2;108;150;155m▘[38;2;6;71;91;48;2;54;111;121m▘[0m[7m[38;2;71;125;132m▀[0m  [0m
  [38;2;101;146;149m▝[38;2;8;82;94m▀[38;2;105;138;149;48;2;171;191;192m▖[38;2;140;174;175;48;2;237;223;226m▀[38;2;10;95;96;48;2;188;202;208m▐[38;2;232;224;227;48;2;174;192;194m▐[38;2;78;124;134;48;2;211;215;218m▗[38;2;174;187;195;48;2;191;205;211m▀[38;2;28;67;101;48;2;169;184;193m▝[0m[7m[38;2;27;96;105m▝[0m[38;2;207;218;212m [0m
 [7m[38;2;2;73;90m▀[38;2;54;120;122m▀[0m[38;2;121;139;155m▝[38;2;124;155;161m▀[0m [38;2;5;84;92;48;2;160;176;187m▐[38;2;143;160;173;48;2;23;85;102m▀[38;2;130;155;163;48;2;179;193;201m▝[38;2;116;139;152;48;2;187;201;208m▘[48;2;192;206;212m [38;2;0;91;91;48;2;36;72;106m▐[0m [0m
 [38;2;89;114;141;48;2;0;80;90m▐[38;2;192;206;212;48;2;65;106;126m▖[0m[7m[38;2;51;114;119m▝[0m [38;2;199;214;207m [38;2;90;128;141m▝[38;2;0;82;90m▐[38;2;192;206;212;48;2;87;112;139m▐[48;2;192;206;212m [38;2;83;109;135;48;2;189;202;209m▗[0m[7m[38;2;10;82;95m▗[0m [0m
 [38;2;90;115;142;48;2;0;80;90m▐[48;2;192;206;212m [38;2;64;101;125;48;2;182;196;204m▝[38;2;33;99;108;48;2;158;175;187m▀[0m[7m[38;2;92;126;144m▀[38;2;96;135;146m▘[0m[38;2;28;86;104;48;2;166;182;193m▀[38;2;177;192;201;48;2;191;205;211m▘[38;2;37;82;109;48;2;172;188;198m▗[38;2;4;80;92;48;2;112;145;154m▞[0m[38;2;87;145;142m▘ [0m
 [38;2;0;80;90;48;2;59;113;123m▘[0m[38;2;83;120;138m▀[38;2;43;94;112m▀[38;2;130;163;168;48;2;91;132;143m▞[38;2;183;197;204;48;2;38;100;111m▀[38;2;187;201;207;48;2;28;92;105m▀[38;2;150;167;180;48;2;70;127;131m▀[0m[38;2;55;99;120m▀[38;2;68;127;130m▀[0m [38;2;220;226;219m  [0m
[?25h