[?25l[0m [38;2;0;0;0m [38;2;221;2;13m▝[38;2;228;75;80;48;2;221;1;12m▖ [38;2;230;96;99;48;2;221;2;13m▗[0m[38;2;221;5;16m▘         [0m
 [38;2;232;116;118m▗[7m[38;2;223;22;31m▀[38;2;221;1;12m▘[0m[38;2;238;181;177;48;2;221;1;12m [0m[7m[38;2;221;7;18m▝[38;2;221;1;12m▀▀▀[38;2;221;11;21m▀[38;2;226;55;62m▀[38;2;231;110;112m▀[0m  [38;2;245;242;234m  [0m
[38;2;221;1;12m▗[38;2;221;7;17;48;2;221;1;12m▘[0m[38;2;221;8;19m▀[7m[38;2;223;23;33m▖[0m[38;2;243;224;218;48;2;221;1;12m [0m[7m[38;2;226;54;61m▗[0m[38;2;231;111;114m▀[38;2;230;96;100m▀[38;2;228;73;78m▀[38;2;224;40;48m▀[38;2;221;5;16m▀[38;2;221;1;12m▀[48;2;232;116;118m▀[0m[38;2;222;17;26m▘  [0m
[38;2;221;1;12;48;2;223;30;38m▐[38;2;226;52;59;48;2;221;1;12m▐[0m [38;2;221;1;12m▐[48;2;221;1;12m [0m[7m[38;2;223;30;38m▐[0m [38;2;230;97;101;48;2;221;9;19m▀[38;2;230;97;100;48;2;222;16;26m▀[38;2;230;96;100;48;2;221;1;12m▀[48;2;222;19;29m▀[38;2;230;100;103;48;2;221;10;20m▀[0m [38;2;245;242;234m   [0m
[38;2;221;10;21m▝[38;2;228;73;78;48;2;221;1;12m▖[0m[7m[38;2;222;13;23m▝[38;2;221;1;12m▘[0m[38;2;239;192;188;48;2;221;1;12m [0m[7m[38;2;221;9;20m▝[38;2;221;1;12m▀▀[38;2;221;3;14m▘[0m[38;2;242;219;213;48;2;221;1;12m [0m[7m[38;2;222;21;30m▝[38;2;222;15;25m▀[38;2;229;83;88m▀[0m [38;2;237;166;164m  [0m
  [38;2;232;120;122m▀[7m[38;2;222;20;29m▖[0m[38;2;243;224;218;48;2;221;1;12m [0m[7m[38;2;223;31;39m▗[0m[38;2;226;55;62m▀▀[7m[38;2;223;22;31m▖[0m[38;2;244;240;232;48;2;221;1;12m [0m[7m[38;2;225;43;51m▗[0m[38;2;222;18;27m▀[38;2;221;1;12m▀[38;2;222;15;25;48;2;221;1;12m▞[0m[7m[38;2;225;45;52m▝[0m [0m
[38;2;229;86;91m▗[7m[38;2;221;1;12m▀[38;2;225;44;52m▀[0m[38;2;221;1;12m▐[48;2;221;1;12m [0m[7m[38;2;223;30;38m▐[0m[38;2;245;242;234m  [38;2;223;28;37m▝[38;2;223;27;36m▀[38;2;224;41;49m▘ [0m [38;2;221;1;12m▐[48;2;221;1;12m [0m [0m
[38;2;231;106;108m▀[38;2;228;76;81m▀[38;2;221;4;15m▀[7m[38;2;221;1;12m▖[0m[38;2;232;121;123;48;2;221;1;12m [38;2;230;94;98;48;2;221;4;14m▝[0m[7m[38;2;221;1;12m▀▀▀▀▀▀[0m[38;2;229;84;88;48;2;221;6;16m▘[38;2;230;97;100;48;2;221;8;18m▗[0m[38;2;226;59;66m▀[0m [0m
 [38;2;0;0;0m [0m [38;2;221;1;12m▐[48;2;221;1;12m [0m[7m[38;2;223;23;32m▐[0m [38;2;230;97;101m▀[38;2;227;72;77m▀[38;2;227;63;69m▀[38;2;228;76;81m▀[38;2;231;113;115m▀[0m  [7m[38;2;227;65;71m▀[0m [0m
 [38;2;0;0;0m [38;2;221;5;16m▐[38;2;221;1;12;48;2;221;6;17m▀▀▀▀▀▀▀▀▀▀[38;2;224;37;45;48;2;221;6;16m▗[38;2;221;1;12;48;2;230;95;98m▀[0m[38;2;224;38;46m▀[0m
[?25h