[?25l[0m [7m[38;2;90;92;78m▀[38;2;199;194;167m▀[38;2;136;147;121m▀[0m[38;2;149;143;124m▀[0m [38;2;84;78;68m    [0m [38;2;149;144;124m▀[7m[38;2;137;148;122m▀[38;2;197;193;166m▀[38;2;92;95;80m▀[0m[38;2;0;0;0m [0m
[38;2;127;122;106;48;2;23;51;33m▞[38;2;185;187;158;48;2;70;114;82m▝[38;2;24;86;51;48;2;157;158;134m▞[0m[38;2;164;164;139m▀[0m [38;2;109;102;89m      [0m [38;2;161;161;137m▀[38;2;155;157;133;48;2;24;86;52m▞[38;2;186;188;159;48;2;66;112;79m▘[38;2;22;51;33;48;2;130;124;107m▞[0m
[38;2;0;74;38;48;2;157;160;134m▐[38;2;118;144;113;48;2;90;126;94m▖[0m[7m[38;2;77;120;87m▐[0m[38;2;80;74;64m [0m [7m[38;2;142;140;120m▀[0m[38;2;136;128;112m▖  [38;2;134;127;111m▗[7m[38;2;143;141;121m▀[0m [38;2;37;34;30m [38;2;77;120;87m▐[38;2;116;143;112;48;2;91;127;95m▗[38;2;157;160;134;48;2;0;75;38m▐[0m
[38;2;118;142;112m▝[38;2;107;131;103;48;2;21;86;50m▞[38;2;155;154;131;48;2;11;81;44m▝[0m[38;2;136;138;116m▖[38;2;137;150;123;48;2;34;69;46m▞[38;2;157;165;138;48;2;60;77;59m▞[0m[7m[38;2;142;134;116m▞[0m[38;2;188;183;156m▖[38;2;182;177;151m▗[38;2;143;135;117m▞[7m[38;2;133;150;122m▖[0m[38;2;37;72;49;48;2;135;150;122m▞[0m[38;2;136;138;116m▗[38;2;155;154;131;48;2;11;81;44m▘[38;2;22;86;51;48;2;105;129;101m▞[0m[38;2;120;143;114m▘[0m
  [38;2;40;97;63;48;2;115;126;103m▝[38;2;105;133;104;48;2;31;91;56m▞[38;2;162;170;142;48;2;1;75;38m▘[38;2;36;71;48;48;2;87;125;93m▞[38;2;177;174;149;48;2;85;112;86m▗[0m[38;2;137;129;112m▘[38;2;128;120;105m▝[38;2;177;173;149;48;2;88;115;88m▖[38;2;89;126;94;48;2;34;69;47m▞[38;2;155;166;138;48;2;0;75;38m▝[38;2;28;89;55;48;2;105;133;104m▞[38;2;42;98;64;48;2;119;130;106m▘[0m [38;2;81;76;66m [0m
 [38;2;0;0;0m [38;2;107;136;105m▝[38;2;145;171;157;48;2;90;101;82m▀[38;2;12;81;46;48;2;96;122;100m▝[38;2;51;105;71;48;2;0;75;38m▖[38;2;3;76;39;48;2;112;146;128m▀[38;2;12;81;46;48;2;45;102;68m▖[38;2;7;77;42;48;2;47;103;70m▗[38;2;4;76;40;48;2;114;148;130m▀[38;2;42;99;64;48;2;0;75;38m▗[38;2;13;81;47;48;2;95;121;98m▘[38;2;150;174;161;48;2;87;99;79m▀[0m[7m[38;2;76;85;69m▗[0m[38;2;0;0;0m  [0m
 [38;2;0;0;0m   [0m [38;2;46;99;66;48;2;134;135;114m▐[38;2;79;125;101;48;2;2;76;39m▗[38;2;43;101;72;48;2;229;233;231m▘[38;2;64;115;89;48;2;231;235;233m▝[38;2;105;144;124;48;2;1;75;38m▖[38;2;139;144;120;48;2;37;94;60m▐[0m [38;2;49;45;39m    [0m
 [38;2;0;0;0m   [38;2;155;152;130m▗[38;2;116;143;112;48;2;2;76;39m▘[38;2;87;125;93;48;2;10;81;46m▗[38;2;127;156;140;48;2;48;104;74m▘[38;2;126;153;138;48;2;45;102;72m▝[38;2;102;133;103;48;2;14;84;49m▖[38;2;87;125;92;48;2;0;75;38m▝[0m[7m[38;2;115;115;98m▐[0m[38;2;5;4;4m    [0m
 [38;2;0;0;0m   [7m[38;2;87;98;79m▖[0m[38;2;99;123;96;48;2;13;82;46m▖[38;2;53;104;70;48;2;0;75;37m▝[38;2;154;167;137;48;2;235;219;192m▞[38;2;107;139;107;48;2;225;212;185m▘[38;2;90;127;95;48;2;1;75;38m▘[38;2;97;124;96;48;2;9;80;43m▗[38;2;110;106;92;48;2;38;64;45m▞[0m[38;2;110;106;92m    [0m
 [38;2;0;0;0m    [0m [38;2;90;112;88m▀[38;2;210;196;171;48;2;80;98;77m▐[38;2;106;117;95;48;2;220;204;178m▐[0m[38;2;85;113;86m▀[0m [38;2;69;65;57m     [0m
[?25h