[?25l[0m        [38;2;0;0;0m        [0m
   [38;2;0;2;5m   [0m [38;2;0;45;110m▀[0m [38;2;0;13;31m       [0m
 [38;2;0;52;126m▖     [0m  [38;2;0;32;78m       [0m
[7m[38;2;144;48;64m▀[0m     [38;2;0;55;134m▗[0m  [38;2;0;3;8m [0m [7m[38;2;0;47;116m▀[38;2;0;60;147m▀[38;2;0;56;138m▀[0m [38;2;0;37;90m [0m
[38;2;254;85;113;48;2;245;82;109m▐[38;2;182;61;81;48;2;251;84;111m▝[0m[7m[38;2;254;85;113m▀▀[38;2;250;83;111m▀[38;2;253;84;112m▀[38;2;254;85;113m▀[0m[38;2;159;53;70;48;2;202;67;89m▘[0m[38;2;239;79;106m▘[7m[38;2;0;82;200m▘[0m[38;2;0;89;216;48;2;0;90;219m▘[0m[7m[38;2;0;65;160m▗[38;2;0;63;154m▖[0m[38;2;0;0;0;48;2;0;90;219m [38;2;0;89;216m▝[0m[7m[38;2;0;71;173m▐[0m
[38;2;254;85;113;48;2;244;81;108m▐[48;2;254;85;113m  [38;2;225;75;100;48;2;252;84;112m▗[38;2;254;85;113;48;2;165;55;73m▀[0m[38;2;250;83;111m▀[38;2;171;57;75;48;2;228;76;101m▀[0m[38;2;218;73;97m▘[38;2;0;72;176;48;2;0;90;219m▘ [38;2;0;65;159;48;2;0;87;213m▗[0m  [38;2;0;83;204m▀[38;2;0;90;219m▀[38;2;0;80;195m▘[0m
   [38;2;188;62;83m▗[7m[38;2;225;75;100m▘[0m[38;2;149;49;66;48;2;252;84;112m▗[0m[38;2;190;63;84m▘[38;2;0;83;204m▐[48;2;0;90;219m  [38;2;0;62;152m▝[38;2;0;76;186;48;2;0;50;122m▞[38;2;0;60;148;48;2;0;90;219m▖[38;2;0;89;217m▝[0m[7m[38;2;0;85;206m▝[0m[38;2;0;76;187m▖[0m
  [7m[38;2;212;71;94m▘[0m[38;2;252;84;112;48;2;254;85;113m▘[38;2;249;83;110m▗[0m[38;2;179;59;79m▘ [38;2;0;84;204m▐[48;2;0;90;219m  [38;2;0;69;169;48;2;0;87;213m▗[0m [38;2;0;56;137m▐[48;2;0;90;219m  [38;2;0;60;146;48;2;0;88;214m▝[0m
 [7m[38;2;252;84;112m▘[0m[38;2;101;33;45;48;2;254;85;113m  [38;2;151;50;67m▐[0m[38;2;151;50;67m  [0m [38;2;0;66;162;48;2;0;90;219m▖ [38;2;0;70;172m▐[0m[38;2;0;70;172m [38;2;0;56;136m▐[48;2;0;90;219m  [0m[7m[38;2;0;84;206m▗[0m
[38;2;211;70;94m▐[38;2;254;85;113m▀▀▀▘   [38;2;0;48;117m▝[38;2;0;88;215m▀[38;2;0;89;218;48;2;0;66;161m▀[0m[7m[38;2;0;84;206m▀[0m[38;2;0;47;114;48;2;0;86;210m▘[38;2;0;90;219;48;2;0;62;153m▀[0m[38;2;0;85;207m▀[0m [0m
[?25h