[?25l[0m [38;2;0;0;0m     [38;2;112;112;112m▗[38;2;239;239;239;48;2;91;91;91m▗[38;2;226;226;226;48;2;85;85;85m▖[38;2;124;124;124;48;2;29;29;29m▐[0m[38;2;124;124;124m  [0m [38;2;186;186;186;48;2;75;76;75m▗[38;2;248;248;248;48;2;104;104;104m▖[38;2;124;124;124;48;2;29;29;29m▐[0m
 [38;2;0;0;0m     [38;2;28;29;29;48;2;114;114;114m▐[38;2;195;195;196;48;2;138;138;138m▖[38;2;17;17;17;48;2;0;0;0m▘[38;2;120;120;120m▐[0m[38;2;120;120;120m  [38;2;0;0;0;48;2;77;77;77m▗[38;2;93;93;93;48;2;171;172;172m▘[38;2;0;0;0;48;2;37;37;37m▐[38;2;109;109;109;48;2;0;0;0m▐[0m
 [38;2;0;0;0m   [0m [38;2;107;107;107;48;2;25;25;25m▞[38;2;47;47;47;48;2;201;201;201m▘[38;2;155;155;155;48;2;30;30;30m▘[38;2;82;82;82;48;2;0;0;0m▗[0m [38;2;0;0;0m [7m[38;2;66;66;66m▘[0m[38;2;253;253;253;48;2;106;106;106m▗[38;2;39;39;39;48;2;153;153;153m▐[38;2;34;34;34;48;2;0;0;0m▗[38;2;103;103;103;48;2;12;12;12m▞[0m
 [38;2;0;0;0m  [0m [7m[38;2;95;95;95m▘[0m[38;2;54;54;54;48;2;227;227;227m▘[38;2;228;228;228;48;2;27;27;27m▘[38;2;103;103;103;48;2;0;0;0m▗[0m[7m[38;2;94;94;94m▐[0m [7m[38;2;75;75;75m▘[0m[38;2;59;59;59;48;2;203;203;203m▘[38;2;253;253;253;48;2;78;79;78m▘[38;2;61;61;61;48;2;0;0;0m▗[0m[7m[38;2;69;69;69m▗[0m[38;2;0;0;0m [0m
 [38;2;0;0;0m  [38;2;114;114;114;48;2;16;16;16m▞[38;2;246;246;246;48;2;55;56;55m▝[38;2;227;227;227;48;2;46;46;46m▀[38;2;46;46;46;48;2;178;179;178m▖[38;2;183;183;183;48;2;249;249;249m▀[48;2;75;75;75m▀[48;2;46;46;46m▀[38;2;200;201;200m▀[38;2;247;248;247;48;2;38;38;38m▘[38;2;88;88;88;48;2;0;0;0m▗[0m [38;2;0;0;0m  [0m
 [38;2;0;0;0m [0m [38;2;152;152;152;48;2;85;85;85m▖[0m[38;2;71;71;71m▀[38;2;12;12;12;48;2;89;89;89m▝[38;2;251;251;251;48;2;135;135;135m▞[38;2;216;216;216;48;2;25;26;25m▘[38;2;91;91;91;48;2;30;30;30m▖[0m[38;2;71;71;71m▀▀▀[38;2;98;98;98m▘   [0m
   [38;2;4;4;4;48;2;96;97;97m▝[38;2;117;117;117;48;2;59;59;59m▞[38;2;214;214;214;48;2;54;54;54m▞[38;2;4;4;4;48;2;103;103;103m▞[38;2;76;76;76;48;2;63;63;63m▀[0m[7m[38;2;113;113;113m▀[0m [38;2;21;21;21m      [0m
 [38;2;75;75;75m▀[38;2;97;97;97;48;2;46;46;46m▞[38;2;91;91;91;48;2;204;204;204m▖[38;2;137;137;137;48;2;203;203;203m▖[38;2;252;252;252;48;2;205;205;205m▖[38;2;45;45;45;48;2;130;130;130m▞[0m[7m[38;2;68;68;68m▗[0m [38;2;23;23;23m       [0m
 [7m[38;2;103;103;103m▘[0m[38;2;29;29;29;48;2;64;64;64m▝[38;2;68;68;68;48;2;104;104;104m▞[38;2;177;177;177;48;2;39;39;39m▀[38;2;110;110;110;48;2;22;22;22m▞[0m[38;2;118;118;118m▘[38;2;92;92;92;48;2;58;58;58m▝[0m[38;2;113;113;113m▖       [0m
 [38;2;4;4;4m   [38;2;20;20;20;48;2;129;129;129m▞[0m [38;2;97;97;97m          [0m
[?25h