[?25l[0m[7m[38;2;219;219;219m▝[0m[38;2;151;151;151m▖[0m [7m[38;2;188;185;189m▀[38;2;208;198;213m▀[0m  [7m[38;2;203;195;207m▀[38;2;199;193;202m▀[0m  [7m[38;2;210;198;216m▀[38;2;179;178;180m▀[0m [38;2;166;166;166m▗[7m[38;2;223;223;224m▘[0m
[38;2;166;135;182;48;2;243;243;243m▐[38;2;200;184;209;48;2;106;48;134m▀[38;2;229;227;230;48;2;144;115;159m▝[38;2;170;140;186;48;2;103;43;132m▘[38;2;119;68;145;48;2;102;41;131m▐[38;2;232;226;235;48;2;201;188;207m▗[38;2;199;194;202;48;2;128;80;151m▀[38;2;138;96;160;48;2;101;41;131m▘[38;2;150;113;169;48;2;102;41;131m▝[38;2;105;46;133;48;2;184;170;191m▖[38;2;204;193;210;48;2;113;58;139m▀[38;2;114;61;141;48;2;102;41;131m▘[38;2;176;150;191;48;2;108;52;136m▐[38;2;167;152;174;48;2;231;228;233m▐[38;2;230;225;233;48;2;123;72;147m▘[38;2;243;243;243;48;2;164;132;180m▐[0m
[38;2;164;131;180;48;2;243;243;243m▐[48;2;102;41;131m  [38;2;111;57;138m▐[38;2;208;193;216;48;2;117;65;142m▀[38;2;168;137;184;48;2;103;43;131m▘[48;2;102;41;131m     [38;2;158;124;176;48;2;112;57;138m▝[38;2;211;198;219;48;2;108;52;136m▀[38;2;114;59;140;48;2;102;41;131m▘ [38;2;243;243;243;48;2;163;131;180m▐[0m
[38;2;165;133;181;48;2;243;243;243m▐[38;2;180;160;193;48;2;138;98;160m▀[38;2;198;183;207;48;2;138;98;159m▝[38;2;198;184;207;48;2;136;95;158m▘[38;2;131;87;154;48;2;166;138;182m▐[38;2;186;166;197;48;2;143;106;163m▀[38;2;200;187;209;48;2;140;100;161m▝[38;2;200;186;209;48;2;135;94;157m▘[38;2;186;167;198;48;2;141;102;162m▀[38;2;185;165;197;48;2;131;89;154m▘[38;2;205;194;213;48;2;154;124;173m▘[38;2;169;143;184;48;2;135;94;157m▀[38;2;172;147;186;48;2;138;97;160m▝[38;2;156;123;174;48;2;128;83;152m▀[38;2;166;137;181;48;2;146;109;166m▀[38;2;243;243;243;48;2;164;133;181m▐[0m
[38;2;164;131;180;48;2;235;232;237m▗[38;2;102;41;131;48;2;196;176;207m▖[38;2;102;42;131;48;2;223;213;228m▗[38;2;138;95;159;48;2;226;217;230m▖[38;2;203;187;212;48;2;116;62;142m▀[38;2;141;99;163;48;2;211;198;218m▗[38;2;102;41;131;48;2;186;163;198m▖[38;2;112;58;138;48;2;202;184;211m▗[38;2;102;41;131;48;2;226;219;231m▖[38;2;200;184;210;48;2;110;55;137m▀[38;2;181;155;195;48;2;202;184;211m▖[38;2;197;179;207;48;2;207;191;216m▀[38;2;102;41;131;48;2;226;219;231m▗[38;2;100;38;129;48;2;201;183;210m▖[38;2;171;139;186;48;2;196;176;206m▗[38;2;243;243;243;48;2;212;199;219m▐[0m
[38;2;163;131;180;48;2;240;240;240m▐[38;2;169;137;185;48;2;109;53;137m▗[38;2;234;228;237;48;2;113;58;139m▖[38;2;112;58;139;48;2;230;223;234m▖[38;2;101;40;130;48;2;131;83;154m▐[38;2;141;99;162;48;2;191;171;202m▐[38;2;188;167;200;48;2;101;40;130m▐[38;2;116;65;141;48;2;254;254;254m▐[38;2;228;224;232;48;2;101;40;130m▐[38;2;101;40;130;48;2;122;74;146m▐[38;2;226;218;231;48;2;152;115;171m▀[38;2;101;42;130;48;2;100;40;130m▐[38;2;164;131;180;48;2;243;241;244m▐[38;2;157;123;175;48;2;167;135;183m▀[38;2;102;42;131;48;2;128;82;152m▐[38;2;241;241;241;48;2;166;136;182m▐[0m
[7m[38;2;218;218;218m▖[0m[38;2;208;208;209;48;2;112;115;114m▀[38;2;211;211;211;48;2;111;114;113m▀[38;2;211;211;212;48;2;114;117;116m▀[38;2;219;219;220;48;2;245;245;246m▐[38;2;209;209;210;48;2;158;160;159m▀[38;2;208;208;209;48;2;154;156;155m▀[38;2;210;210;211;48;2;131;134;133m▀[38;2;209;209;210;48;2;110;113;112m▀[38;2;208;208;209;48;2;111;114;113m▀[38;2;206;206;208m▀▀[38;2;209;209;210m▀[38;2;206;206;208m▀[48;2;112;115;114m▀[0m[7m[38;2;219;219;219m▗[0m
[38;2;188;188;188m▝[38;2;110;113;112;48;2;199;199;199m▝[38;2;148;150;149;48;2;227;227;227m▀[38;2;232;232;232;48;2;126;129;128m▀[38;2;110;113;112;48;2;221;221;221m▖[38;2;165;167;167;48;2;236;236;236m▐[38;2;193;194;194;48;2;111;114;113m▀[38;2;218;218;218m▀[38;2;229;229;229;48;2;124;127;126m▀[38;2;161;163;163;48;2;198;199;199m▞[38;2;114;117;116;48;2;228;229;229m▀[38;2;169;171;170;48;2;116;119;118m▖[38;2;110;113;112;48;2;111;114;113m▖[38;2;114;117;116m▗[38;2;110;113;112;48;2;195;196;196m▘[0m[38;2;185;185;185m▘[0m
 [38;2;160;160;160m▝[38;2;103;104;103;48;2;223;223;223m▞[38;2;206;207;207;48;2;122;125;124m▖[48;2;111;114;113m [38;2;218;219;218;48;2;132;135;134m▀[38;2;138;140;140;48;2;228;228;228m▀[38;2;148;150;150;48;2;111;114;113m▖  [38;2;152;154;154;48;2;112;115;114m▝[38;2;214;215;215;48;2;111;114;113m▀[38;2;157;159;158;48;2;225;225;225m▖[0m[7m[38;2;211;212;212m▗[0m[38;2;154;154;154m▘ [0m
 [38;2;0;0;0m  [38;2;156;156;156m▝[38;2;206;207;207m▀[38;2;120;121;121;48;2;157;158;158m▞[38;2;116;119;118;48;2;185;186;186m▘[38;2;206;206;206;48;2;232;232;232m▖[38;2;170;171;171;48;2;240;240;240m▀[38;2;118;121;120;48;2;200;200;200m▀[0m[7m[38;2;147;149;148m▗[0m[38;2;204;204;204m▀[38;2;150;150;150m▘   [0m
[?25h