[?25l[0m [38;2;0;0;0m      [38;2;102;102;103m▝[38;2;84;84;85m▖      [0m
 [38;2;0;0;0m     [38;2;88;88;88m▗[38;2;234;234;234;48;2;53;53;53m▗[38;2;107;107;107;48;2;49;49;49m▖[0m [38;2;32;32;32m     [0m
 [38;2;0;0;0m    [38;2;80;80;81m▗[38;2;216;216;216;48;2;52;52;53m▗[38;2;37;37;37;48;2;225;225;225m▗[38;2;115;115;115;48;2;249;249;249m▞[38;2;94;94;94;48;2;49;50;50m▖[0m [38;2;44;44;44m    [0m
 [38;2;0;0;0m  [0m [7m[38;2;47;47;47m▘[0m[38;2;187;187;187;48;2;78;78;78m▗[38;2;3;3;3;48;2;180;180;180m▗[38;2;167;167;168;48;2;29;29;29m▝[38;2;88;88;88;48;2;0;0;0m▀[38;2;57;57;57;48;2;192;192;192m▖[38;2;145;145;145;48;2;44;44;44m▖[0m [38;2;0;0;0m   [0m
 [38;2;80;80;81m▗[38;2;190;190;190;48;2;47;47;47m▗[38;2;231;231;231;48;2;71;71;71m▖[38;2;88;88;88;48;2;1;1;1m▝[38;2;197;197;197;48;2;88;88;88m▗[38;2;76;76;76;48;2;166;166;166m▀[38;2;195;195;195;48;2;51;51;51m▖[38;2;232;232;232;48;2;96;96;96m▗[38;2;62;62;62;48;2;147;147;147m▝[38;2;74;74;74;48;2;132;132;132m▘[38;2;202;202;202;48;2;40;40;40m▗[38;2;40;40;40;48;2;180;180;180m▀[38;2;44;45;45;48;2;145;145;145m▀[0m[7m[38;2;41;41;41m▗[0m
[38;2;76;76;76m▗[38;2;17;17;17;48;2;105;105;105m▞[38;2;55;55;55;48;2;193;193;193m▗[38;2;217;217;217;48;2;66;66;66m▀[38;2;48;48;48;48;2;136;136;136m▐[38;2;251;251;251;48;2;113;113;113m▘[38;2;1;1;1;48;2;166;166;166m▀[38;2;159;159;159;48;2;26;26;26m▖[38;2;254;254;254;48;2;115;115;115m▝[38;2;151;151;151;48;2;158;158;158m▝[38;2;41;41;41;48;2;140;140;140m▐[38;2;146;146;146;48;2;43;43;43m▐[38;2;150;150;150;48;2;166;166;166m▘[38;2;103;103;103;48;2;175;175;175m▗[0m[38;2;29;29;29m▘[0m
     [38;2;184;184;185;48;2;69;69;69m▝[38;2;4;4;4;48;2;172;172;173m▝[38;2;177;177;178;48;2;38;38;38m▝[38;2;12;12;12;48;2;186;186;187m▝[38;2;208;208;209;48;2;93;93;93m▞[38;2;137;137;138;48;2;40;40;40m▘[0m[38;2;53;53;53m▀[0m   [0m
 [38;2;0;0;0m    [38;2;77;77;77m▝[38;2;200;200;201;48;2;47;47;47m▝[38;2;35;35;35;48;2;214;214;215m▝[38;2;200;201;201;48;2;69;69;69m▞[38;2;81;81;81;48;2;48;48;48m▘[0m [38;2;50;50;50m    [0m
 [38;2;0;0;0m     [38;2;87;87;88m▝[38;2;219;219;220;48;2;47;47;47m▝[38;2;93;93;93;48;2;48;48;48m▘[0m [38;2;36;37;37m     [0m
 [38;2;0;0;0m      [38;2;106;106;106m▗[38;2;85;85;85m▘      [0m
[?25h