[?25l[0m [38;2;0;0;0m  [38;2;65;102;93m▗[38;2;58;91;83m▖  [38;2;28;44;40m▗        [0m
 [38;2;0;0;0m  [38;2;52;82;74m▞[38;2;67;104;95;48;2;129;199;181m▖[38;2;93;145;132;48;2;133;205;187m▀[38;2;63;99;90m▀[38;2;35;55;50;48;2;130;200;182m▀[38;2;64;99;91;48;2;102;160;146m▝[0m[7m[38;2;123;190;173m▀[0m[38;2;82;127;116m▖     [0m
 [38;2;0;0;0m  [38;2;126;195;178;48;2;26;41;37m▝[38;2;127;196;179;48;2;81;126;115m▗[38;2;84;130;118;48;2;130;200;182m▀[38;2;129;199;182;48;2;108;167;152m▀[38;2;133;205;187;48;2;110;170;155m▀[48;2;107;167;152m▀[38;2;105;164;150;48;2;122;188;172m▀[38;2;133;205;187;48;2;96;150;136m▘[38;2;121;187;170;48;2;10;16;14m▖[0m[38;2;121;187;170m    [0m
 [38;2;0;0;0m  [0m [38;2;99;154;140;48;2;27;42;38m▐[38;2;108;168;153;48;2;130;201;183m▀[38;2;111;173;157m▀[38;2;111;172;157;48;2;125;193;176m▗[38;2;132;203;186;48;2;102;159;145m▀[38;2;113;175;159;48;2;79;125;113m▐[38;2;112;173;157;48;2;71;111;101m▗[38;2;105;163;149;48;2;36;58;52m▘[0m [38;2;25;39;35m   [0m
[38;2;93;144;132m▗[7m[38;2;32;42;39m▀[0m[38;2;56;88;80;48;2;134;134;134m▀[38;2;55;77;71;48;2;100;100;100m▀[38;2;14;21;19;48;2;58;61;60m▐[38;2;75;118;107;48;2;17;28;25m▞[38;2;114;177;161;48;2;82;129;117m▞[38;2;44;60;56;48;2;85;133;121m▗[38;2;96;128;120;48;2;218;218;218m▀[38;2;155;156;156;48;2;113;136;130m▖[38;2;15;20;19;48;2;175;179;178m▝[38;2;58;61;60;48;2;24;24;24m▐[38;2;110;110;110;48;2;66;81;77m▗[38;2;56;87;79;48;2;133;133;133m▀[0m[7m[38;2;35;43;41m▀[0m[38;2;95;146;133m▖[0m
[38;2;0;0;0;48;2;71;111;101m▗[38;2;11;14;14;48;2;111;141;133m▞[38;2;58;58;58;48;2;127;127;127m▐[38;2;120;120;120;48;2;0;0;0m▗[38;2;114;114;114;48;2;14;19;18m▖[38;2;36;56;51;48;2;79;122;111m▞[38;2;16;27;24;48;2;96;150;136m▀[38;2;7;7;7;48;2;89;138;126m▀[38;2;5;5;5;48;2;145;149;148m▝[38;2;19;19;19;48;2;187;187;187m▀[38;2;152;152;152;48;2;80;80;80m▞[38;2;113;113;113;48;2;20;20;20m▗[38;2;121;121;121;48;2;4;4;4m▖[38;2;138;138;138;48;2;32;32;32m▐[38;2;109;138;131;48;2;12;14;14m▞[38;2;0;0;0;48;2;70;108;99m▖[0m
[38;2;0;0;0;48;2;101;156;142m▐[38;2;172;172;172;48;2;5;5;5m▐[38;2;51;51;51;48;2;249;249;249m▗[38;2;245;245;245;48;2;160;160;160m▐[38;2;9;9;9;48;2;187;187;187m▐[38;2;5;10;9;48;2;0;1;1m▝[38;2;51;80;73;48;2;32;51;46m▝[38;2;49;78;70;48;2;76;119;108m▐[38;2;1;2;2;48;2;79;94;90m▘[38;2;72;114;104;48;2;114;177;161m▖[38;2;39;61;56;48;2;5;9;8m▘[38;2;119;119;119;48;2;0;0;0m▐[38;2;253;253;253;48;2;120;120;120m▘[38;2;246;246;246;48;2;118;118;118m▐[38;2;0;0;0;48;2;171;171;171m▐[38;2;93;143;131;48;2;0;0;0m▐[0m
[38;2;78;120;110m▀[38;2;53;81;74m▀▀[7m[38;2;45;70;63m▖[0m[38;2;80;102;96;48;2;12;16;15m▞[38;2;21;21;21;48;2;127;127;127m▀[38;2;58;91;83;48;2;16;24;22m▝[38;2;98;153;139;48;2;50;77;70m▗[38;2;78;94;90;48;2;207;208;208m▐[38;2;118;182;166;48;2;34;53;48m▘[38;2;19;19;19;48;2;128;128;128m▀[38;2;11;14;13;48;2;79;99;94m▞[0m[7m[38;2;44;69;62m▗[0m[38;2;53;81;74m▀▀[38;2;77;119;109m▀[0m
 [38;2;0;0;0m   [38;2;74;115;105m▝[38;2;85;133;121;48;2;47;63;59m▗[38;2;140;140;140;48;2;15;24;22m▘[38;2;52;83;75;48;2;4;7;6m▐[38;2;49;72;66;48;2;126;160;152m▞[38;2;26;41;38;48;2;107;139;131m▗[38;2;76;119;108;48;2;46;61;57m▖[0m[38;2;70;109;99m▘    [0m
 [38;2;0;0;0m    [0m [38;2;68;106;96m▀[38;2;81;126;115;48;2;34;53;48m▗[38;2;109;168;153;48;2;55;86;79m▞[0m[38;2;110;170;155m▘[0m [38;2;1;2;1m     [0m
[?25h